NHDPlusID,GL_pass
60003700020855,1
60003700020861,1
60003700020866,1
60003700020872,1
60003700020880,1
60003700020889,1
60003700020891,1
60003700020896,1
60003700020903,1
60003700020910,1
60003700014522,1
60003700014530,1
60003700014534,1
60003700014537,1
60003700014548,1
60003700014551,1
60003700014557,1
60003700014560,1
60003700014561,1
60003700014578,1
60003700014581,1
60003700014594,1
60003700014603,1
60003700014616,1
60003700014618,1
60003700014643,1
60003700014646,1
60003700014654,1
60003700014667,1
60003700014670,1
60003700014679,1
60003700014684,1
60003700014687,1
60003700014697,1
60003700014700,1
60003700014708,1
60003700014718,1
60003700014726,1
60003700014760,1
60003700014767,1
60003700014773,1
60003700014782,1
60003700014786,1
60003700014804,1
60003700014806,1
60003700014823,1
60003700014824,1
60003700014830,1
60003700014834,1
60003700014841,1
60003700014854,1
60003700014855,1
60003700014858,1
60003700014889,1
60003700014893,1
60003700014895,1
60003700014914,1
60003700014919,1
60003700014931,1
60003700014937,1
60003700014951,1
60003700014961,1
60003700014983,1
60003700014989,1
60003700014993,1
60003700015029,1
60003700015036,1
60003700015049,1
60003700015052,1
60003700015071,1
60003700015085,1
60003700015088,1
60003700015089,1
60003700015093,1
60003700015107,1
60003700015117,1
60003700015123,1
60003700015124,1
60003700015128,1
60003700015129,1
60003700015132,1
60003700015142,1
60003700015149,1
60003700015153,1
60003700015155,1
60003700015176,1
60003700015197,1
60003700015202,1
60003700015214,1
60003700015219,1
60003700015244,1
60003700015247,1
60003700015248,1
60003700015273,1
60003700015278,1
60003700015294,1
60003700015302,1
60003700015303,1
60003700015310,1
60003700015315,1
60003700015332,1
60003700015340,1
60003700015343,1
60003700015358,1
60003700015382,1
60003700015406,1
60003700015433,1
60003700015439,1
60003700015442,1
60003700015449,1
60003700015461,1
60003700015480,1
60003700015490,1
60003700015504,1
60003700015525,1
60003700015566,1
60003700015587,1
60003700015592,1
60003700015594,1
60003700015597,1
60003700015599,1
60003700015601,1
60003700015606,1
60003700015627,1
60003700015650,1
60003700015665,1
60003700015669,1
60003700015687,1
60003700015696,1
60003700015698,1
60003700015703,1
60003700015710,1
60003700015712,1
60003700015715,1
60003700015723,1
60003700015732,1
60003700015734,1
60003700015741,1
60003700015746,1
60003700015749,1
60003700015750,1
60003700015753,1
60003700015757,1
60003700015770,1
60003700015771,1
60003700015774,1
60003700015821,1
60003700015823,1
60003700015835,1
60003700015842,1
60003700015843,1
60003700015845,1
60003700015850,1
60003700015866,1
60003700025856,1
60003700015891,1
60003700015898,1
60003700015937,1
60003700015944,1
60003700015957,1
60003700015960,0
60003700015968,1
60003700015972,1
60003700015981,1
60003700015986,1
60003700015990,1
60003700015997,1
60003700016001,1
60003700016010,1
60003700016032,1
60003700016034,1
60003700016050,1
60003700016052,1
60003700016057,1
60003700016063,1
60003700016091,1
60003700016092,1
60003700016105,1
60003700016110,1
60003700016117,1
60003700016123,1
60003700016140,1
60003700016147,1
60003700016151,1
60003700016152,1
60003700016154,1
60003700016170,1
60003700016176,1
60003700016180,1
60003700016181,1
60003700016184,1
60003700016209,1
60003700016217,1
60003700016218,1
60003700016237,1
60003700016255,1
60003700016265,1
60003700016274,1
60003700016276,1
60003700016277,1
60003700016279,1
60003700016287,1
60003700020912,1
60003700020921,1
60003700020930,1
60003700020940,1
60003700020959,1
60003700016292,1
60003700016298,1
60003700016306,1
60003700016326,1
60003700016331,1
60003700016338,1
60003700016339,1
60003700016340,1
60003700016348,1
60003700016376,1
60003700016378,1
60003700016379,1
60003700016383,1
60003700016387,1
60003700016388,1
60003700016393,1
60003700016402,1
60003700016403,1
60003700016404,1
60003700016408,1
60003700016409,1
60003700016411,1
60003700016436,1
60003700016439,1
60003700016451,1
60003700016468,1
60003700016472,1
60003700016478,1
60003700016480,1
60003700016485,1
60003700016493,1
60003700016495,1
60003700016501,1
60003700016510,1
60003700016529,1
60003700016542,1
60003700016544,1
60003700016573,1
60003700016574,1
60003700016578,1
60003700016579,1
60003700016583,1
60003700016585,1
60003700016587,1
60003700016592,1
60003700016593,1
60003700016597,1
60003700016602,0
60003700016616,1
60003700016617,1
60003700016622,1
60003700016625,1
60003700016627,1
60003700016633,1
60003700016640,1
60003700016645,1
60003700016646,1
60003700016651,1
60003700016662,1
60003700016670,1
60003700016697,1
60003700016703,1
60003700016708,1
60003700016711,1
60003700016716,1
60003700016717,1
60003700016728,1
60003700016735,1
60003700016741,1
60003700016749,1
60003700016753,1
60003700016755,1
60003700016783,1
60003700016785,1
60003700016810,1
60003700016818,1
60003700016819,1
60003700016822,1
60003700016825,1
60003700016828,1
60003700016834,1
60003700016835,1
60003700016846,1
60003700016870,1
60003700016874,1
60003700016900,1
60003700016920,1
60003700016937,1
60003700016946,1
60003700016980,1
60003700016990,1
60003700017004,1
60003700017010,1
60003700017011,1
60003700017013,1
60003700017015,1
60003700017017,1
60003700017034,1
60003700017044,1
60003700017046,1
60003700017052,1
60003700017054,1
60003700017062,1
60003700017066,1
60003700017070,1
60003700017098,1
60003700017102,1
60003700017106,1
60003700017115,1
60003700017117,1
60003700017119,1
60003700017126,1
60003700017129,1
60003700017138,1
60003700017149,1
60003700017160,1
60003700017164,1
60003700017167,1
60003700017168,1
60003700017170,1
60003700017173,1
60003700017180,1
60003700017184,1
60003700017213,1
60003700017219,1
60003700017220,1
60003700017223,1
60003700017224,1
60003700017231,1
60003700017238,1
60003700017251,1
60003700017256,1
60003700017265,1
60003700017271,1
60003700017291,1
60003700017298,1
60003700017328,1
60003700017332,1
60003700017336,1
60003700017342,1
60003700023620,1
60003700023622,1
60003700023624,1
60003700017343,1
60003700017353,1
60003700017355,1
60003700017356,1
60003700017363,1
60003700017364,1
60003700023628,1
60003700023635,1
60003700023642,1
60003700017375,1
60003700023649,1
60003700017379,1
60003700017398,1
60003700017410,1
60003700017429,1
60003700017437,1
60003700017447,1
60003700023669,1
60003700023687,1
60003700017455,1
60003700017463,1
60003700023691,1
60003700023699,1
60003700017464,1
60003700023700,1
60003700023702,1
60003700023710,1
60003700023712,1
60003700023717,1
60003700023743,1
60003700023764,1
60003700023776,1
60003700017465,1
60003700017477,1
60003700017479,1
60003700023780,1
60003700017490,1
60003700023787,1
60003700023791,1
60003700023807,1
60003700023810,1
60003700023815,1
60003700023825,1
60003700023827,1
60003700023828,1
60003700023836,1
60003700023846,1
60003700023854,1
60003700023862,1
60003700023870,1
60003700023874,1
60003700023876,1
60003700023885,1
60003700023909,1
60003700023922,1
60003700023923,1
60003700023936,1
60003700023942,1
60003700023955,1
60003700023958,1
60003700023969,1
60003700024007,1
60003700024009,1
60003700024020,1
60003700024035,1
60003700024052,1
60003700024053,1
60003700024056,1
60003700024091,1
60003700024097,1
60003700024114,1
60003700024149,1
60003700024150,1
60003700024154,1
60003700024159,1
60003700024162,1
60003700024166,1
60003700024169,1
60003700024172,1
60003700024176,1
60003700024180,1
60003700024192,1
60003700024198,1
60003700024200,1
60003700024206,1
60003700024207,1
60003700024248,1
60003700024249,1
60003700024252,1
60003700024262,1
60003700024279,1
60003700024291,1
60003700024300,1
60003700024308,1
60003700024339,1
60003700024349,1
60003700024357,1
60003700024361,1
60003700017492,1
60003700017508,1
60003700024363,1
60003700024364,1
60003700024371,1
60003700024402,1
60003700024403,0
60003700024405,0
60003700024415,1
60003700024508,1
60003700024513,1
60003700025093,1
60003700025112,1
60003700025113,1
60003700025114,1
60003700025133,1
60003700025163,1
60003700025173,1
60003700025175,1
60003700024516,1
60003700025200,1
60003700024518,1
60003700024529,1
60003700025206,1
60003700025211,1
60003700025230,1
60003700025241,1
60003700025250,1
60003700025262,1
60003700025268,1
60003700025290,1
60003700025297,1
60003700025303,1
60003700025305,1
60003700025306,1
60003700025315,1
60003700025362,1
60003700025377,1
60003700025395,1
60003700025406,1
60003700024533,1
60003700024538,1
60003700024541,1
60003700024542,1
60003700024543,1
60003700024546,1
60003700024560,1
60003700024563,1
60003700025423,1
60003700024565,1
60003700024570,1
60003700024577,1
60003700024581,1
60003700024590,1
60003700024608,1
60003700024610,1
60003700024634,1
60003700024637,1
60003700025427,1
60003700024639,1
60003700025442,1
60003700025449,1
60003700025453,1
60003700025459,1
60003700025461,1
60003700025477,1
60003700025483,1
60003700025487,1
60003700025501,1
60003700025507,1
60003700025510,1
60003700025512,1
60003700025514,1
60003700025517,1
60003700017517,1
60003700017525,1
60003700017528,1
60003700017539,1
60003700017551,1
60003700017558,1
60003700017561,1
60003700017570,1
60003700024644,1
60003700024650,1
60003700017576,1
60003700017586,1
60003700017589,1
60003700017602,1
60003700017605,1
60003700017609,1
60003700017651,1
60003700017661,1
60003700017669,1
60003700017674,1
60003700017679,1
60003700017682,0
60003700017686,0
60003700024657,1
60003700024669,1
60003700025518,1
60003700025525,1
60003700024674,1
60003700025527,1
60003700025528,1
60003700025537,1
60003700025549,1
60003700025552,1
60003700024685,1
60003700024689,1
60003700025557,1
60003700025558,1
60003700025568,1
60003700024691,1
60003700024696,1
60003700024709,1
60003700025598,1
60003700025610,1
60003700025636,1
60003700025693,1
60003700024722,1
60003700024727,1
60003700024750,1
60003700024756,1
60003700024771,1
60003700024777,1
60003700024783,0
60003700024788,1
60003700024800,1
60003700024804,1
60003700024814,1
60003700024832,1
60003700024840,1
60003700024842,1
60003700024853,1
60003700024854,1
60003700024856,1
60003700024857,1
60003700024866,1
60003700024869,1
60003700024878,1
60003700017778,1
60003700017781,1
60003700017801,1
60003700017802,1
60003700017832,1
60003700017838,1
60003700017840,1
60003700017843,1
60003700017846,1
60003700024881,1
60003700020966,1
60003700020980,1
60003700020992,1
60003700020994,1
60003700024888,1
60003700024899,1
60003700021013,1
60003700021032,1
60003700021044,1
60003700021046,1
60003700021047,1
60003700021048,1
60003700021056,1
60003700021074,1
60003700021097,1
60003700021100,1
60003700021104,1
60003700021112,1
60003700021116,1
60003700021119,1
60003700021120,1
60003700021123,0
60003700021124,1
60003700021125,1
60003700021127,1
60003700021162,1
60003700021169,1
60003700021170,1
60003700021173,1
60003700021181,1
60003700021186,1
60003700021189,1
60003700021201,1
60003700021216,1
60003700021219,1
60003700021229,1
60003700021231,1
60003700021251,1
60003700021257,1
60003700017874,1
60003700017880,1
60003700021275,1
60003700021285,1
60003700021339,1
60003700021347,1
60003700021356,1
60003700021362,1
60003700021386,1
60003700021393,1
60003700021394,1
60003700021396,1
60003700021403,1
60003700021410,1
60003700021416,1
60003700021430,1
60003700021433,1
60003700021438,1
60003700021450,1
60003700021456,1
60003700021483,1
60003700021495,1
60003700021502,1
60003700021507,1
60003700017688,0
60003700017695,0
60003700021551,1
60003700017706,1
60003700021563,1
60003700021571,1
60003700021573,1
60003700017710,1
60003700017721,1
60003700017742,1
60003700017746,1
60003700017749,1
60003700021575,1
60003700017754,1
60003700021576,1
60003700017756,1
60003700017771,1
60003700017777,1
60003700017792,1
60003700017796,1
60003700017797,1
60003700017806,1
60003700017807,1
60003700017809,1
60003700017815,1
60003700017822,1
60003700017831,1
60003700017837,1
60003700017842,1
60003700021585,1
60003700017859,1
60003700021588,1
60003700021618,1
60003700021622,1
60003700021623,1
60003700021625,1
60003700021628,1
60003700017865,1
60003700021639,1
60003700017893,1
60003700017897,1
60003700017899,0
60003700017903,1
60003700017907,1
60003700017917,1
60003700017918,1
60003700021640,1
60003700017927,1
60003700021643,1
60003700017951,1
60003700017952,1
60003700017962,1
60003700017980,1
60003700021648,1
60003700021650,1
60003700018012,1
60003700018014,1
60003700017882,1
60003700017892,1
60003700017896,1
60003700017913,0
60003700017920,1
60003700017930,1
60003700017941,1
60003700017949,1
60003700017953,1
60003700017977,1
60003700017992,1
60003700018008,1
60003700018011,1
60003700018034,1
60003700018037,1
60003700018038,1
60003700018042,1
60003700018045,1
60003700018048,1
60003700018058,1
60003700018066,1
60003700018092,1
60003700018130,1
60003700018131,1
60003700018142,1
60003700018149,1
60003700018157,1
60003700018173,1
60003700018179,1
60003700018187,1
60003700018190,1
60003700018195,1
60003700018197,1
60003700018212,1
60003700018216,1
60003700018225,1
60003700018235,1
60003700018240,1
60003700018255,1
60003700018262,1
60003700018271,1
60003700018283,1
60003700018288,1
60003700018013,1
60003700018024,1
60003700018026,1
60003700018029,1
60003700018289,1
60003700018301,1
60003700018307,1
60003700018309,1
60003700018324,1
60003700018339,1
60003700018349,1
60003700018353,1
60003700018359,1
60003700018384,1
60003700018391,1
60003700018400,1
60003700018412,1
60003700018415,1
60003700018420,1
60003700018421,1
60003700018425,1
60003700018428,1
60003700018432,0
60003700018435,1
60003700018440,1
60003700018443,1
60003700018449,1
60003700018450,1
60003700018466,1
60003700018469,1
60003700018484,1
60003700018493,1
60003700018494,0
60003700018500,1
60003700018503,1
60003700018509,1
60003700018510,1
60003700018520,1
60003700018523,1
60003700018525,0
60003700018537,1
60003700021828,1
60003700021847,1
60003700021849,1
60003700021851,1
60003700021852,1
60003700021853,1
60003700021872,1
60003700021873,1
60003700021896,1
60003700021902,1
60003700021917,1
60003700021923,1
60003700021925,1
60003700021936,1
60003700021938,1
60003700021944,1
60003700021951,1
60003700021963,1
60003700021969,1
60003700021975,1
60003700021981,1
60003700024907,1
60003700024916,1
60003700024943,1
60003700024956,1
60003700024959,1
60003700024966,1
60003700024983,1
60003700024986,1
60003700018540,1
60003700024995,1
60003700025006,1
60003700025017,1
60003700025021,1
60003700025037,1
60003700018545,1
60003700025049,1
60003700025062,1
60003700018548,1
60003700018558,1
60003700018574,1
60003700018575,1
60003700018595,1
60003700018597,1
60003700018601,1
60003700018602,1
60003700018625,1
60003700018631,1
60003700018641,1
60003700018644,1
60003700018658,1
60003700018659,1
60003700018673,1
60003700018675,1
60003700018678,1
60003700018679,1
60003700018694,1
60003700018706,1
60003700018707,1
60003700018710,1
60003700018716,1
60003700018722,1
60003700018728,1
60003700018732,1
60003700018749,1
60003700018752,1
60003700018755,1
60003700018757,1
60003700018764,1
60003700018766,1
60003700018774,1
60003700018777,1
60003700018788,1
60003700018794,1
60003700018808,1
60003700018824,1
60003700018835,0
60003700018836,1
60003700018837,1
60003700018840,1
60003700018849,1
60003700018853,1
60003700018858,1
60003700018868,1
60003700018871,1
60003700018873,1
60003700018881,1
60003700018891,1
60003700018896,1
60003700018899,1
60003700018905,1
60003700018909,1
60003700018911,1
60003700018923,1
60003700018925,1
60003700018930,1
60003700018932,1
60003700018933,1
60003700018963,1
60003700025074,1
60003700025083,1
60003700025088,1
60003700025092,1
60003700025116,1
60003700025127,1
60003700025135,1
60003700025157,1
60003700025170,1
60003700025182,1
60003700025185,1
60003700025191,1
60003700025221,1
60003700025234,1
60003700021989,0
60003700022014,1
60003700022025,1
60003700025237,1
60003700025248,1
60003700022029,1
60003700022031,1
60003700022033,1
60003700022045,1
60003700022046,1
60003700022051,1
60003700022056,1
60003700022057,0
60003700022063,1
60003700022067,1
60003700022074,1
60003700022076,1
60003700022080,1
60003700022088,1
60003700022091,1
60003700022103,1
60003700022136,1
60003700022141,1
60003700022143,1
60003700022159,1
60003700022166,1
60003700022195,1
60003700022200,1
60003700022213,1
60003700025267,1
60003700022221,1
60003700025269,1
60003700022224,1
60003700022229,1
60003700022233,1
60003700022239,1
60003700018965,1
60003700018968,1
60003700018982,1
60003700019004,1
60003700019018,1
60003700019032,1
60003700019038,1
60003700019041,1
60003700019050,1
60003700019052,1
60003700025416,1
60003700022244,1
60003700022251,1
60003700022252,1
60003700022253,1
60003700022254,1
60003700022277,1
60003700022279,1
60003700025422,1
60003700022299,1
60003700025436,1
60003700025438,1
60003700022304,1
60003700022329,1
60003700022346,1
60003700022350,1
60003700025443,1
60003700025456,1
60003700019354,1
60003700019057,1
60003700019064,1
60003700019066,1
60003700019070,1
60003700019083,1
60003700019088,1
60003700019093,1
60003700019103,1
60003700019115,1
60003700019116,1
60003700019118,1
60003700019123,1
60003700019128,1
60003700019130,1
60003700019361,1
60003700019365,1
60003700019139,1
60003700019368,1
60003700019374,1
60003700019381,1
60003700019383,1
60003700019408,1
60003700019428,1
60003700019430,1
60003700019140,1
60003700019144,0
60003700019146,1
60003700019434,1
60003700019149,1
60003700019151,1
60003700019153,1
60003700019154,1
60003700019451,1
60003700019161,1
60003700019180,1
60003700019183,1
60003700019215,1
60003700019218,1
60003700019220,1
60003700019225,1
60003700019230,1
60003700019235,1
60003700019239,1
60003700019247,1
60003700019248,1
60003700019253,1
60003700019265,1
60003700019267,1
60003700019275,1
60003700019277,1
60003700019296,1
60003700019300,1
60003700019311,1
60003700019314,1
60003700019322,1
60003700019325,1
60003700019332,1
60003700019333,1
60003700019342,1
60003700019360,1
60003700019364,1
60003700019371,1
60003700019382,1
60003700019385,1
60003700019389,1
60003700019392,0
60003700019396,1
60003700025466,1
60003700019398,1
60003700019400,1
60003700019426,1
60003700019427,1
60003700019454,1
60003700019457,1
60003700019461,0
60003700019478,0
60003700019490,1
60003700019509,1
60003700019524,1
60003700019537,1
60003700025480,1
60003700025494,1
60003700025499,1
60003700019540,1
60003700019541,1
60003700019550,1
60003700025500,1
60003700019562,1
60003700019577,0
60003700019584,1
60003700019595,1
60003700019597,1
60003700019605,1
60003700019616,1
60003700019619,1
60003700019621,1
60003700019625,1
60003700019644,1
60003700019673,1
60003700019683,1
60003700019684,1
60003700019772,1
60003700019788,1
60003700019806,1
60003700019814,1
60003700019823,1
60003700019825,1
60003700019841,1
60003700019848,1
60003700019871,1
60003700019882,1
60003700019890,1
60003700019910,1
60003700019911,1
60003700019916,1
60003700019927,1
60003700019936,1
60003700019938,1
60003700019941,1
60003700019943,1
60003700019958,1
60003700019961,1
60003700019963,1
60003700019966,1
60003700019973,1
60003700019976,1
60003700019987,1
60003700019995,1
60003700019998,1
60003700020002,1
60003700020022,1
60003700020023,1
60003700020024,1
60003700019458,1
60003700019465,1
60003700019472,1
60003700020026,1
60003700020042,1
60003700020044,1
60003700020045,0
60003700020047,1
60003700020052,1
60003700020069,1
60003700020083,1
60003700020099,1
60003700025519,1
60003700025523,1
60003700025539,1
60003700025550,1
60003700025553,1
60003700025556,1
60003700025559,1
60003700025563,1
60003700025564,1
60003700025567,1
60003700025594,1
60003700025596,1
60003700025597,1
60003700025602,1
60003700025606,1
60003700022349,1
60003700022353,1
60003700022355,1
60003700020101,1
60003700020120,1
60003700020124,1
60003700020130,1
60003700020138,1
60003700020143,1
60003700020160,1
60003700020177,1
60003700020197,1
60003700025619,1
60003700025621,1
60003700025627,1
60003700025637,1
60003700020199,1
60003700020211,1
60003700020240,1
60003700020242,1
60003700020244,1
60003700022356,1
60003700022373,1
60003700022374,1
60003700022376,1
60003700022395,1
60003700022398,0
60003700022405,1
60003700022410,1
60003700022419,1
60003700022423,1
60003700022436,1
60003700022445,1
60003700022448,0
60003700022472,1
60003700025651,1
60003700022476,1
60003700022483,1
60003700022490,1
60003700022493,1
60003700022505,1
60003700022509,1
60003700025670,1
60003700025682,1
60003700025692,1
60003700025718,1
60003700025732,1
60003700025735,1
60003700025752,1
60003700022524,1
60003700025755,1
60003700025767,1
60003700025769,1
60003700022529,1
60003700022530,1
60003700022531,1
60003700022537,1
60003700022540,1
60003700022546,1
60003700022553,1
60003700022556,1
60003700022568,1
60003700022569,1
60003700022570,1
60003700022584,1
60003700022591,1
60003700022595,1
60003700022600,1
60003700022612,1
60003700022614,1
60003700022618,1
60003700022631,1
60003700022638,1
60003700022641,1
60003700022666,1
60003700022667,1
60003700022669,1
60003700022686,0
60003700022688,1
60003700022690,1
60003700022695,1
60003700022711,1
60003700022721,1
60003700022722,1
60003700022725,1
60003700022728,1
60003700022735,1
60003700022744,1
60003700022755,1
60003700022762,1
60003700022767,1
60003700022770,1
60003700022775,1
60003700022776,1
60003700022778,1
60003700022780,1
60003700022784,1
60003700022787,1
60003700022788,1
60003700022794,1
60003700022802,1
60003700022825,0
60003700022831,1
60003700022833,1
60003700022837,1
60003700022841,1
60003700022846,1
60003700022849,1
60003700022858,1
60003700022867,1
60003700018043,1
60003700024515,1
60003700018047,1
60003700018052,1
60003700018057,1
60003700018068,1
60003700018078,1
60003700022873,1
60003700022875,1
60003700022883,1
60003700022892,1
60003700018098,1
60003700018108,1
60003700018115,1
60003700018117,1
60003700018126,1
60003700018135,1
60003700018154,1
60003700018162,1
60003700018164,1
60003700018165,1
60003700018166,1
60003700018167,1
60003700018171,1
60003700018176,1
60003700018196,1
60003700018199,1
60003700022903,1
60003700022908,1
60003700022912,1
60003700022920,1
60003700022939,1
60003700022940,1
60003700018202,1
60003700018206,1
60003700018210,1
60003700018222,1
60003700018229,1
60003700018256,1
60003700018269,1
60003700018274,1
60003700018280,1
60003700018281,1
60003700018320,1
60003700018321,1
60003700018322,1
60003700018331,1
60003700018345,1
60003700018355,1
60003700018441,1
60003700018444,1
60003700018461,1
60003700018471,1
60003700018472,1
60003700018473,1
60003700018480,1
60003700018486,1
60003700018487,1
60003700018496,1
60003700018505,1
60003700018517,1
60003700018521,1
60003700018539,1
60003700018560,1
60003700018565,1
60003700018571,1
60003700018586,1
60003700018603,1
60003700022968,1
60003700018605,1
60003700018614,1
60003700018619,1
60003700018635,1
60003700018636,1
60003700018639,1
60003700018643,1
60003700018648,1
60003700018668,1
60003700018674,1
60003700018682,1
60003700018683,1
60003700018684,1
60003700018693,1
60003700018734,1
60003700018736,1
60003700018751,1
60003700018758,1
60003700018767,1
60003700018771,1
60003700018775,1
60003700018787,1
60003700018790,1
60003700022976,1
60003700022988,1
60003700022990,1
60003700023001,1
60003700023011,0
60003700023028,1
60003700023032,1
60003700023033,1
60003700023044,1
60003700023046,1
60003700018797,1
60003700018829,1
60003700018839,1
60003700018848,1
60003700018857,1
60003700018861,1
60003700018869,1
60003700018870,1
60003700018875,1
60003700018883,1
60003700018884,1
60003700018890,1
60003700018900,1
60003700018916,1
60003700018920,1
60003700018935,1
60003700018951,1
60003700023053,1
60003700023054,1
60003700023060,1
60003700023076,1
60003700023082,1
60003700023083,1
60003700023092,1
60003700023097,1
60003700023104,1
60003700023110,1
60003700023115,1
60003700023120,1
60003700018957,1
60003700018966,1
60003700023121,1
60003700018970,1
60003700018983,1
60003700018984,1
60003700018987,1
60003700018992,1
60003700019010,1
60003700023138,1
60003700023142,1
60003700023149,1
60003700023175,1
60003700023183,1
60003700023193,1
60003700023264,1
60003700023267,1
60003700023283,1
60003700023285,1
60003700023301,1
60003700023303,1
60003700023320,1
60003700023323,1
60003700023326,1
60003700023347,1
60003700023354,1
60003700023360,1
60003700023369,1
60003700023372,1
60003700023374,1
60003700019040,1
60003700019045,1
60003700023388,1
60003700023390,1
60003700023416,1
60003700023422,1
60003700023426,1
60003700023433,1
60003700023435,1
60003700023442,1
60003700023453,1
60003700023460,1
60003700019048,1
60003700019051,0
60003700019071,1
60003700019072,1
60003700023466,1
60003700019094,1
60003700019101,1
60003700019107,1
60003700019124,1
60003700019145,1
60003700019150,1
60003700019162,1
60003700019175,1
60003700019191,1
60003700019199,1
60003700019202,1
60003700019205,1
60003700024519,1
60003700024520,1
60003700024528,1
60003700024532,1
60003700024653,1
60003700024658,1
60003700024663,1
60003700024665,1
60003700019236,1
60003700019244,1
60003700019246,1
60003700019270,1
60003700019279,1
60003700019282,1
60003700019283,1
60003700019286,1
60003700024676,1
60003700024681,1
60003700024687,1
60003700024690,1
60003700024700,1
60003700024710,1
60003700024717,0
60003700024718,1
60003700024733,1
60003700024744,1
60003700024747,1
60003700024768,1
60003700024776,1
60003700024789,1
60003700024819,1
60003700024827,1
60003700024834,1
60003700024848,1
60003700024858,1
60003700024859,1
60003700024861,1
60003700024867,1
60003700024873,1
60003700024879,1
60003700024896,1
60003700024901,1
60003700024909,1
60003700024923,1
60003700024925,1
60003700024927,1
60003700024944,1
60003700024948,1
60003700024963,1
60003700024982,1
60003700024994,1
60003700025009,1
60003700025010,1
60003700025016,1
60003700025024,1
60003700025026,1
60003700025031,1
60003700025034,1
60003700025036,1
60003700025042,1
60003700023471,1
60003700023475,1
60003700023486,1
60003700023496,1
60003700023497,1
60003700023501,1
60003700023502,1
60003700023514,1
60003700023521,1
60003700023524,1
60003700023529,1
60003700023534,1
60003700023537,1
60003700023538,1
60003700023541,1
60003700025043,1
60003700025045,1
60003700025046,1
60003700025050,1
60003700025051,1
60003700025052,1
60003700025056,1
60003700025064,1
60003700025066,1
60003700025070,1
60003700025086,1
60003700020245,1
60003700020253,1
60003700023542,1
60003700020268,0
60003700020337,1
60003700020347,1
60003700020351,1
60003700020364,1
60003700020376,1
60003700020385,1
60003700020394,1
60003700020399,1
60003700020448,0
60003700020452,1
60003700023546,1
60003700023550,1
60003700020456,1
60003700020457,1
60003700023562,1
60003700020459,1
60003700020469,1
60003700020475,1
60003700020476,1
60003700020477,1
60003700023570,1
60003700023588,1
60003700023597,1
60003700023598,1
60003700023602,1
60003700020493,1
60003700023603,1
60003700023604,1
60003700023607,1
60003700020502,1
60003700020514,1
60003700020517,1
60003700025792,1
60003700020527,1
60003700020585,1
60003700020588,1
60003700020592,1
60003700020601,1
60003700020602,1
60003700025795,1
60003700025806,1
60003700020615,1
60003700020633,1
60003700019288,1
60003700020647,1
60003700020651,1
60003700020653,1
60003700020659,1
60003700020665,1
60003700020678,1
60003700020679,1
60003700019306,1
60003700019308,1
60003700020680,1
60003700020682,1
60003700020689,1
60003700020691,1
60003700019312,1
60003700019316,1
60003700019323,1
60003700020693,1
60003700020705,1
60003700020707,1
60003700020725,1
60003700020738,1
60003700020745,1
60003700020750,1
60003700020753,1
60003700020764,1
60003700020769,1
60003700020773,1
60003700020780,1
60003700020781,1
60003700020798,1
60003700020814,1
60003700020828,1
60003700020848,1
60003700020849,1
60003700020850,1
60003700024741,1
60003700024743,1
60003700024746,1
60003700002033,1
60003700002043,1
60003700002045,1
60003700002049,1
60003700002052,1
60003700002054,1
60003700024748,1
60003700002063,1
60003700002066,1
60003700002103,1
60003700002116,1
60003700002136,1
60003700002140,1
60003700002163,1
60003700002164,1
60003700002184,1
60003700002202,1
60003700002217,1
60003700002227,1
60003700002238,1
60003700024754,1
60003700024763,1
60003700024773,1
60003700024774,1
60003700002244,1
60003700024781,1
60003700024782,0
60003700024785,1
60003700024803,1
60003700024808,1
60003700024810,1
60003700024824,1
60003700024828,1
60003700024836,1
60003700024843,1
60003700024849,1
60003700024871,1
60003700024875,1
60003700024880,1
60003700024883,1
60003700024895,1
60003700024903,1
60003700024918,1
60003700024921,1
60003700024924,1
60003700024947,1
60003700024950,1
60003700024951,1
60003700024952,1
60003700024957,1
60003700024958,1
60003700024972,1
60003700024984,1
60003700024996,1
60003700024998,1
60003700025003,1
60003700025004,1
60003700025011,1
60003700025030,1
60003700025041,1
60003700025048,1
60003700025059,1
60003700025061,1
60003700025067,1
60003700025085,1
60003700025100,1
60003700025106,1
60003700025108,1
60003700025109,1
60003700025117,1
60003700025119,1
60003700025120,1
60003700025124,1
60003700025128,1
60003700025131,1
60003700025138,1
60003700025148,1
60003700025149,1
60003700025151,1
60003700025174,1
60003700025177,1
60003700025184,1
60003700025194,1
60003700025196,1
60003700025198,1
60003700025203,1
60003700025214,1
60003700025215,1
60003700025225,1
60003700025228,1
60003700025235,1
60003700025240,1
60003700025245,1
60003700025249,1
60003700025255,1
60003700025263,1
60003700025266,1
60003700025316,1
60003700025324,1
60003700025325,1
60003700025331,1
60003700025334,1
60003700025348,1
60003700025350,1
60003700025355,1
60003700025364,1
60003700025378,1
60003700025382,1
60003700025394,1
60003700025402,1
60003700025425,1
60003700025433,1
60003700025440,1
60003700025441,1
60003700025447,1
60003700025462,1
60003700025490,1
60003700025491,1
60003700025520,1
60003700025536,1
60003700025554,1
60003700025555,1
60003700025560,1
60003700025575,1
60003700025578,1
60003700028247,1
60003700028268,1
60003700028287,1
60003700028293,1
60003700028299,1
60003700028316,1
60003700028323,1
60003700022362,1
60003700022364,1
60003700028344,1
60003700022385,1
60003700022390,1
60003700022392,1
60003700022407,1
60003700022411,1
60003700022414,1
60003700022418,1
60003700022433,1
60003700022441,1
60003700022451,1
60003700022455,1
60003700022518,1
60003700022534,1
60003700022558,1
60003700022560,1
60003700022566,1
60003700022573,1
60003700022583,1
60003700022594,1
60003700022596,1
60003700022610,1
60003700022617,1
60003700022623,1
60003700022639,1
60003700022647,1
60003700022649,1
60003700022651,1
60003700022658,1
60003700022668,1
60003700022673,1
60003700022675,1
60003700022680,1
60003700022689,0
60003700022692,1
60003700022696,1
60003700022715,1
60003700022743,1
60003700022745,1
60003700022764,1
60003700022768,1
60003700022782,1
60003700022786,1
60003700022797,1
60003700022902,1
60003700022904,1
60003700022910,1
60003700022911,1
60003700022916,1
60003700022917,1
60003700022922,1
60003700022929,1
60003700022947,1
60003700022951,1
60003700022952,1
60003700022958,1
60003700022966,1
60003700022973,1
60003700022978,1
60003700022987,1
60003700022991,1
60003700022999,1
60003700023012,0
60003700023015,0
60003700023016,0
60003700023024,1
60003700023027,1
60003700023030,1
60003700023031,1
60003700023045,1
60003700023048,1
60003700023051,1
60003700023073,1
60003700023077,1
60003700023078,1
60003700023080,1
60003700023089,1
60003700023090,1
60003700023096,1
60003700023117,1
60003700023127,1
60003700023129,1
60003700023133,1
60003700023136,1
60003700023137,1
60003700023143,1
60003700023147,1
60003700023156,1
60003700023160,1
60003700023161,1
60003700023162,1
60003700023163,1
60003700023172,1
60003700023180,1
60003700023195,1
60003700023200,1
60003700023206,1
60003700023208,1
60003700023228,1
60003700023238,1
60003700023243,1
60003700023244,1
60003700023254,1
60003700028348,1
60003700028354,1
60003700028369,1
60003700028372,1
60003700028373,1
60003700028376,1
60003700028401,1
60003700028438,1
60003700028454,1
60003700028455,1
60003700028456,1
60003700028457,1
60003700028459,1
60003700028477,1
60003700028534,1
60003700028545,1
60003700028561,1
60003700029388,1
60003700029403,1
60003700029409,1
60003700029416,1
60003700029428,1
60003700029429,1
60003700029430,1
60003700029436,1
60003700029454,1
60003700029460,1
60003700029467,1
60003700029473,1
60003700029481,1
60003700023259,1
60003700023284,1
60003700023290,1
60003700023291,1
60003700023293,1
60003700023313,1
60003700023328,1
60003700023332,1
60003700023338,1
60003700023346,1
60003700023352,1
60003700023364,1
60003700023365,1
60003700023373,1
60003700023377,1
60003700023381,1
60003700023385,1
60003700023397,1
60003700023402,1
60003700023406,1
60003700023411,1
60003700023414,1
60003700023443,1
60003700023451,1
60003700029483,1
60003700029485,1
60003700029487,1
60003700029493,1
60003700025704,1
60003700025708,1
60003700029496,1
60003700025715,1
60003700025719,1
60003700025738,1
60003700025749,1
60003700025750,1
60003700025753,1
60003700025754,1
60003700025761,1
60003700025771,1
60003700025775,1
60003700025788,1
60003700025789,1
60003700029502,1
60003700029510,1
60003700029523,1
60003700029530,1
60003700029538,1
60003700029560,0
60003700002250,1
60003700002257,1
60003700002262,1
60003700002266,1
60003700002277,1
60003700002295,1
60003700029565,1
60003700029585,1
60003700029587,1
60003700029592,1
60003700029605,1
60003700029610,1
60003700029612,1
60003700029615,1
60003700029632,1
60003700029648,1
60003700029649,1
60003700002302,1
60003700002310,1
60003700002312,1
60003700002328,1
60003700002339,1
60003700002343,1
60003700002346,1
60003700002365,1
60003700002370,1
60003700002381,1
60003700002387,1
60003700002394,1
60003700002399,1
60003700002437,1
60003700002451,1
60003700002466,1
60003700002476,1
60003700002477,1
60003700002482,1
60003700002486,1
60003700002496,1
60003700002513,1
60003700002516,1
60003700002519,1
60003700002526,1
60003700002544,1
60003700002554,1
60003700002555,1
60003700002565,1
60003700002586,1
60003700002588,1
60003700002604,1
60003700002617,1
60003700002638,1
60003700002642,1
60003700002650,1
60003700002665,1
60003700002667,1
60003700002679,1
60003700002681,1
60003700002687,1
60003700002715,1
60003700002716,1
60003700002727,1
60003700002728,1
60003700002730,1
60003700002737,1
60003700002742,1
60003700002767,1
60003700002773,1
60003700002774,1
60003700002784,1
60003700002788,1
60003700025595,1
60003700025599,1
60003700025616,1
60003700025617,1
60003700025618,1
60003700025620,1
60003700025626,1
60003700025629,1
60003700025645,1
60003700025648,1
60003700025649,1
60003700025660,1
60003700025661,1
60003700025665,1
60003700025671,1
60003700025676,1
60003700025677,1
60003700025689,1
60003700025690,1
60003700025695,1
60003700025716,1
60003700025741,1
60003700025745,1
60003700025748,1
60003700025756,1
60003700025760,1
60003700025772,1
60003700025782,1
60003700025787,1
60003700025793,1
60003700025796,1
60003700025799,1
60003700025815,1
60003700025823,1
60003700029658,1
60003700002792,1
60003700002797,1
60003700025826,1
60003700025827,1
60003700025830,1
60003700025832,1
60003700025833,1
60003700025839,1
60003700025854,1
60003700025861,1
60003700025866,1
60003700025897,1
60003700025909,1
60003700025910,1
60003700025913,1
60003700025915,1
60003700025924,1
60003700025927,1
60003700025932,1
60003700025937,1
60003700025939,0
60003700025958,1
60003700025962,1
60003700025964,1
60003700025981,1
60003700025990,1
60003700025994,1
60003700026004,1
60003700026018,1
60003700026042,1
60003700026043,1
60003700026049,1
60003700026050,1
60003700026052,1
60003700026055,1
60003700026057,1
60003700026068,1
60003700026089,1
60003700026090,1
60003700026094,1
60003700026098,1
60003700026108,1
60003700026133,1
60003700026135,1
60003700026142,1
60003700026158,1
60003700026161,1
60003700026173,1
60003700026178,1
60003700026193,1
60003700026195,1
60003700026536,1
60003700026546,1
60003700026550,1
60003700026555,1
60003700026566,1
60003700026571,1
60003700026583,1
60003700026588,1
60003700026595,1
60003700026604,1
60003700026609,1
60003700026623,1
60003700026632,1
60003700026637,1
60003700026638,1
60003700026658,1
60003700026660,1
60003700026661,1
60003700026664,1
60003700026667,1
60003700026669,1
60003700026671,1
60003700026683,1
60003700026690,1
60003700026714,1
60003700026717,1
60003700026724,1
60003700026731,1
60003700026734,1
60003700026735,1
60003700026737,1
60003700026743,1
60003700026745,1
60003700026746,1
60003700026751,1
60003700026754,1
60003700026771,1
60003700026778,1
60003700026783,1
60003700026808,1
60003700026813,1
60003700026839,1
60003700026844,1
60003700026850,1
60003700026852,1
60003700026863,1
60003700026873,1
60003700026875,1
60003700026884,1
60003700026898,1
60003700026900,1
60003700026919,1
60003700026923,1
60003700026925,1
60003700026927,1
60003700026958,1
60003700026967,1
60003700026973,1
60003700026985,1
60003700027013,1
60003700027015,1
60003700027017,1
60003700027024,1
60003700027033,1
60003700027034,1
60003700027038,1
60003700027043,1
60003700027068,1
60003700027078,1
60003700027079,1
60003700027091,1
60003700027098,1
60003700027111,1
60003700027114,1
60003700027144,1
60003700027147,1
60003700027151,1
60003700027173,1
60003700027174,1
60003700027175,1
60003700026198,1
60003700027178,1
60003700027192,1
60003700027198,1
60003700027205,1
60003700027209,1
60003700027213,1
60003700027214,1
60003700027219,1
60003700027254,1
60003700026202,1
60003700026226,1
60003700026237,1
60003700026244,1
60003700026248,1
60003700026262,1
60003700026272,1
60003700026282,1
60003700026303,1
60003700027263,1
60003700027309,1
60003700027310,1
60003700027312,1
60003700026304,1
60003700027325,1
60003700026322,1
60003700026328,1
60003700026348,1
60003700027331,1
60003700026363,1
60003700026369,1
60003700026387,1
60003700027332,1
60003700027337,1
60003700027346,1
60003700027347,1
60003700027348,1
60003700026413,1
60003700027357,1
60003700027358,1
60003700027370,1
60003700027372,1
60003700027379,1
60003700027380,1
60003700027418,1
60003700027440,1
60003700027447,1
60003700027457,1
60003700026446,1
60003700027476,1
60003700027484,1
60003700027486,1
60003700027487,1
60003700027497,1
60003700026458,1
60003700027502,1
60003700027511,1
60003700027516,1
60003700027535,1
60003700027549,1
60003700027553,1
60003700027562,1
60003700027564,1
60003700027565,1
60003700027580,1
60003700027582,1
60003700027590,1
60003700027594,1
60003700027606,1
60003700027627,1
60003700027647,1
60003700027655,1
60003700027660,1
60003700027670,1
60003700027672,1
60003700027674,1
60003700027678,1
60003700027680,1
60003700027683,1
60003700027685,1
60003700027686,1
60003700027693,1
60003700027699,1
60003700027715,1
60003700027724,1
60003700027728,1
60003700027745,1
60003700027772,1
60003700027779,1
60003700027782,1
60003700027787,1
60003700027791,1
60003700027795,1
60003700027797,1
60003700027810,1
60003700023488,1
60003700023493,1
60003700023500,1
60003700023507,1
60003700023515,1
60003700023522,1
60003700027820,1
60003700027822,1
60003700027824,1
60003700023573,1
60003700023582,1
60003700023619,1
60003700023630,1
60003700023632,1
60003700023644,1
60003700023652,1
60003700023660,1
60003700023672,1
60003700023673,1
60003700023679,1
60003700023703,1
60003700023714,1
60003700023720,1
60003700023724,1
60003700023729,1
60003700023734,1
60003700023746,1
60003700023753,1
60003700023754,1
60003700023755,1
60003700023756,1
60003700023761,1
60003700023763,1
60003700023769,1
60003700023778,1
60003700023796,1
60003700023805,1
60003700023833,1
60003700023837,1
60003700023839,1
60003700023842,1
60003700023849,1
60003700023863,1
60003700023865,1
60003700023877,1
60003700023882,1
60003700027852,1
60003700027853,1
60003700027860,1
60003700027861,1
60003700027863,1
60003700027871,1
60003700027873,1
60003700027878,1
60003700027884,1
60003700027890,1
60003700027893,1
60003700027902,1
60003700027903,1
60003700027906,1
60003700002798,1
60003700002810,1
60003700002819,1
60003700002833,1
60003700027908,1
60003700027912,1
60003700002843,1
60003700027915,1
60003700027918,1
60003700023887,1
60003700023898,1
60003700023904,1
60003700023906,1
60003700027927,1
60003700023928,1
60003700023932,1
60003700023939,1
60003700023948,1
60003700023957,1
60003700023973,1
60003700023981,1
60003700023983,1
60003700023999,1
60003700024008,1
60003700024017,1
60003700024021,1
60003700024034,1
60003700024039,1
60003700024044,1
60003700024045,1
60003700024063,1
60003700024065,1
60003700024081,1
60003700024082,1
60003700024083,1
60003700024086,1
60003700024103,1
60003700024108,1
60003700024110,1
60003700024124,1
60003700024125,1
60003700024128,1
60003700024135,1
60003700024136,1
60003700024158,1
60003700024173,1
60003700024189,1
60003700024193,1
60003700024195,1
60003700024203,1
60003700024209,1
60003700027930,1
60003700027935,1
60003700027944,1
60003700027947,1
60003700027951,1
60003700027965,1
60003700028002,1
60003700028020,1
60003700028023,1
60003700028029,1
60003700028033,1
60003700026477,1
60003700026485,1
60003700026498,1
60003700026499,1
60003700026527,1
60003700026532,1
60003700026543,1
60003700026557,1
60003700026564,1
60003700026576,1
60003700026578,1
60003700026581,1
60003700026589,1
60003700026591,1
60003700026592,1
60003700026608,1
60003700026611,1
60003700026634,1
60003700026644,1
60003700026646,1
60003700026650,1
60003700026655,1
60003700026676,1
60003700026685,1
60003700026699,1
60003700026708,1
60003700026712,1
60003700026726,1
60003700026742,1
60003700026747,1
60003700026755,1
60003700026757,1
60003700026768,1
60003700026784,1
60003700026796,1
60003700026802,1
60003700026804,1
60003700026806,1
60003700026809,1
60003700026823,1
60003700026825,1
60003700026832,1
60003700026833,1
60003700026846,1
60003700026854,1
60003700026859,1
60003700026872,1
60003700026879,1
60003700026886,1
60003700028569,1
60003700028583,1
60003700028587,1
60003700028589,1
60003700028596,1
60003700028606,1
60003700028625,1
60003700028628,1
60003700028641,1
60003700028653,1
60003700028670,1
60003700028671,1
60003700028677,1
60003700028682,1
60003700028693,1
60003700028697,1
60003700028698,1
60003700028703,1
60003700028705,1
60003700028710,1
60003700024215,1
60003700024218,1
60003700024226,1
60003700024236,1
60003700024239,1
60003700024240,1
60003700024242,1
60003700024246,1
60003700028712,1
60003700028715,1
60003700028716,1
60003700028723,1
60003700028744,1
60003700028750,1
60003700028772,1
60003700028773,1
60003700028775,1
60003700028776,1
60003700028781,1
60003700028789,1
60003700028793,1
60003700028794,1
60003700028795,1
60003700028812,1
60003700028813,1
60003700028818,1
60003700028842,1
60003700028848,1
60003700028851,1
60003700028853,1
60003700028863,1
60003700028873,1
60003700028880,1
60003700028884,1
60003700028886,1
60003700024253,1
60003700024276,1
60003700024280,1
60003700028894,1
60003700028901,1
60003700028925,1
60003700028929,1
60003700028930,1
60003700028948,0
60003700028953,1
60003700028977,1
60003700028981,1
60003700028983,1
60003700028996,1
60003700028998,1
60003700029020,1
60003700029024,1
60003700029029,1
60003700029033,1
60003700029046,1
60003700029062,1
60003700029075,1
60003700029085,0
60003700028049,1
60003700028050,1
60003700028069,1
60003700028071,1
60003700028073,1
60003700028081,1
60003700028088,1
60003700028098,1
60003700028103,1
60003700028111,1
60003700028120,1
60003700028122,1
60003700028123,1
60003700029111,1
60003700029112,1
60003700029146,1
60003700028131,1
60003700028137,1
60003700028145,1
60003700028147,1
60003700028153,1
60003700028166,1
60003700028170,1
60003700028171,1
60003700028177,1
60003700028180,1
60003700028199,1
60003700028200,1
60003700028202,1
60003700028218,1
60003700029149,1
60003700029156,1
60003700029172,1
60003700029178,1
60003700029179,1
60003700028225,1
60003700028226,1
60003700029190,1
60003700028233,1
60003700028238,1
60003700028248,1
60003700028252,1
60003700028254,1
60003700028258,1
60003700028261,1
60003700028267,1
60003700028288,1
60003700028289,1
60003700028304,1
60003700028307,1
60003700028311,1
60003700028319,1
60003700028329,1
60003700028363,1
60003700028371,1
60003700028389,1
60003700028393,1
60003700028400,1
60003700028403,1
60003700028408,1
60003700028415,1
60003700028418,1
60003700028429,1
60003700028433,1
60003700028435,1
60003700028443,1
60003700028446,1
60003700028449,1
60003700028461,1
60003700028463,1
60003700028467,1
60003700028474,1
60003700028479,1
60003700028494,1
60003700028517,1
60003700028527,1
60003700028536,1
60003700028540,1
60003700028544,1
60003700028547,1
60003700028554,1
60003700028558,1
60003700028562,1
60003700028563,1
60003700028581,1
60003700028582,1
60003700028585,1
60003700028599,1
60003700028605,1
60003700028609,1
60003700029194,1
60003700029197,1
60003700029212,1
60003700029223,1
60003700029224,1
60003700029263,1
60003700029280,1
60003700026893,1
60003700026917,1
60003700026921,1
60003700026928,1
60003700026934,1
60003700026941,1
60003700026951,1
60003700026960,1
60003700026974,1
60003700026977,1
60003700026980,1
60003700026981,1
60003700026987,1
60003700026993,1
60003700027001,1
60003700027005,1
60003700027018,1
60003700027026,1
60003700027047,1
60003700027048,1
60003700027061,1
60003700027063,1
60003700027066,1
60003700027070,1
60003700027071,1
60003700027072,1
60003700027086,1
60003700027105,1
60003700027118,1
60003700027119,1
60003700027121,1
60003700027140,1
60003700027146,1
60003700027152,1
60003700027154,1
60003700027156,1
60003700027161,1
60003700027177,1
60003700027201,1
60003700027207,1
60003700027211,1
60003700027216,1
60003700027220,1
60003700027223,1
60003700027237,1
60003700027239,1
60003700027240,1
60003700027244,1
60003700027247,1
60003700027253,1
60003700027259,1
60003700027265,1
60003700027268,1
60003700027276,1
60003700027286,1
60003700027290,1
60003700027305,1
60003700027311,1
60003700027313,1
60003700027320,1
60003700027322,1
60003700027333,1
60003700027338,1
60003700027363,1
60003700027364,1
60003700027365,1
60003700027369,1
60003700027387,1
60003700027392,1
60003700027400,1
60003700027408,1
60003700027413,1
60003700027427,1
60003700027432,1
60003700027433,1
60003700027451,1
60003700027454,1
60003700027460,1
60003700027461,1
60003700027467,1
60003700027469,1
60003700027480,1
60003700027489,1
60003700027499,1
60003700027503,1
60003700027507,1
60003700027515,1
60003700027523,1
60003700027544,1
60003700027545,1
60003700027557,1
60003700027563,1
60003700027566,1
60003700027567,1
60003700027570,1
60003700027593,1
60003700027595,1
60003700027604,1
60003700027616,1
60003700027630,1
60003700027642,1
60003700027652,1
60003700027653,1
60003700027661,1
60003700027662,1
60003700027681,1
60003700027688,1
60003700027697,1
60003700027708,1
60003700027709,1
60003700027710,1
60003700027721,1
60003700027729,1
60003700027732,1
60003700027740,1
60003700027751,1
60003700027752,1
60003700027755,1
60003700027768,1
60003700027771,1
60003700027773,1
60003700027774,1
60003700027777,1
60003700027793,1
60003700027796,1
60003700027808,1
60003700027815,1
60003700027826,1
60003700027827,1
60003700027833,1
60003700027842,1
60003700027844,1
60003700027858,1
60003700027868,1
60003700027880,1
60003700027898,1
60003700027920,1
60003700027925,1
60003700027933,1
60003700027934,1
60003700027941,1
60003700027952,1
60003700027981,1
60003700027991,1
60003700027992,1
60003700027995,1
60003700028000,1
60003700028001,1
60003700028007,1
60003700028015,1
60003700028017,1
60003700028036,1
60003700028037,1
60003700028041,1
60003700028042,1
60003700028043,1
60003700028046,1
60003700028062,1
60003700028063,1
60003700028076,1
60003700028100,1
60003700028115,1
60003700028124,1
60003700028129,1
60003700028144,1
60003700028149,1
60003700028150,1
60003700028159,1
60003700028165,1
60003700028169,1
60003700028178,1
60003700028190,1
60003700028198,1
60003700028217,1
60003700028221,1
60003700028229,1
60003700028241,1
60003700028243,1
60003700028244,1
60003700028246,1
60003700028263,1
60003700028272,1
60003700028290,1
60003700028365,1
60003700028377,1
60003700028380,1
60003700028397,1
60003700028398,1
60003700028414,1
60003700028417,1
60003700028424,1
60003700028426,1
60003700028430,1
60003700028450,1
60003700028496,1
60003700028503,1
60003700028506,1
60003700028513,1
60003700028520,1
60003700028533,1
60003700028535,1
60003700028539,1
60003700028541,1
60003700028546,1
60003700028586,1
60003700028588,1
60003700028616,1
60003700028618,1
60003700028624,1
60003700028637,1
60003700028649,1
60003700028654,1
60003700028658,1
60003700028687,1
60003700028688,1
60003700028689,1
60003700028691,1
60003700028695,1
60003700028704,1
60003700028722,1
60003700028725,1
60003700028728,0
60003700028730,1
60003700028736,1
60003700028737,1
60003700028741,1
60003700028742,1
60003700028753,1
60003700028763,1
60003700028765,1
60003700028766,1
60003700028782,1
60003700028799,1
60003700028803,1
60003700028805,1
60003700028806,1
60003700028807,1
60003700028810,1
60003700028814,1
60003700028817,1
60003700028823,1
60003700028827,1
60003700028830,1
60003700028832,1
60003700028834,1
60003700028836,1
60003700028840,1
60003700028859,1
60003700028865,1
60003700028866,1
60003700028867,1
60003700028869,1
60003700028878,1
60003700028887,1
60003700029281,1
60003700029288,1
60003700029290,1
60003700029292,1
60003700029296,1
60003700029315,1
60003700029323,1
60003700029331,1
60003700029336,1
60003700029351,1
60003700029361,1
60003700025818,1
60003700025821,1
60003700025837,1
60003700025848,1
60003700025855,1
60003700025859,1
60003700025875,1
60003700025876,1
60003700025883,1
60003700025884,1
60003700025886,1
60003700025900,1
60003700025930,1
60003700029378,0
60003700029385,1
60003700029387,1
60003700025934,1
60003700025942,1
60003700028892,1
60003700028893,1
60003700028912,0
60003700028914,1
60003700028919,1
60003700028921,1
60003700028939,1
60003700028943,1
60003700028955,1
60003700028956,1
60003700028963,1
60003700028985,1
60003700028987,1
60003700029004,1
60003700029005,1
60003700029022,1
60003700029053,1
60003700029063,1
60003700029067,1
60003700029078,1
60003700029082,1
60003700029091,1
60003700029094,1
60003700029106,1
60003700029114,1
60003700025943,1
60003700029115,1
60003700029124,1
60003700029129,1
60003700029131,1
60003700029133,1
60003700025946,1
60003700029136,1
60003700029137,1
60003700029140,1
60003700029141,1
60003700025963,1
60003700029153,1
60003700029164,1
60003700029165,1
60003700029180,1
60003700029182,1
60003700029185,1
60003700029198,1
60003700025965,1
60003700025966,1
60003700029201,1
60003700029205,1
60003700029207,1
60003700029211,1
60003700029217,1
60003700029231,1
60003700029239,1
60003700029242,1
60003700029244,1
60003700029247,1
60003700029257,1
60003700029268,1
60003700029271,1
60003700025975,1
60003700025977,1
60003700025985,1
60003700025986,1
60003700025988,1
60003700025991,1
60003700026002,1
60003700026010,1
60003700026011,1
60003700026013,1
60003700026030,1
60003700026032,1
60003700026041,1
60003700026071,1
60003700026074,1
60003700026077,1
60003700026078,1
60003700026082,1
60003700026083,1
60003700026084,1
60003700026086,1
60003700026091,1
60003700026093,1
60003700026096,1
60003700026115,1
60003700026122,1
60003700026132,1
60003700026138,1
60003700026147,1
60003700026156,1
60003700026164,1
60003700026172,1
60003700026179,1
60003700029277,1
60003700029289,0
60003700029293,1
60003700026181,1
60003700026188,1
60003700026199,1
60003700026223,1
60003700026229,1
60003700026233,1
60003700026234,1
60003700029305,1
60003700029311,1
60003700029313,1
60003700026239,1
60003700026246,1
60003700029326,1
60003700029335,1
60003700029341,1
60003700029344,1
60003700026247,1
60003700026254,1
60003700026266,1
60003700026275,1
60003700026290,1
60003700026294,1
60003700026296,1
60003700029362,1
60003700029363,1
60003700029375,1
60003700026307,1
60003700029376,1
60003700029389,1
60003700029391,1
60003700029400,1
60003700026308,1
60003700029404,1
60003700029414,1
60003700029418,1
60003700029421,1
60003700029438,1
60003700026334,1
60003700026355,1
60003700026357,1
60003700026361,1
60003700026383,1
60003700029439,1
60003700029442,1
60003700026401,1
60003700029449,1
60003700029468,1
60003700029469,1
60003700029480,1
60003700026405,1
60003700026410,1
60003700026417,1
60003700026433,1
60003700026435,1
60003700026436,1
60003700026445,1
60003700026460,1
60003700029498,1
60003700029501,1
60003700029504,1
60003700029514,1
60003700029524,1
60003700029529,1
60003700029536,1
60003700029540,1
60003700029544,1
60003700029557,1
60003700029566,1
60003700029570,0
60003700029571,1
60003700029598,1
60003700029599,1
60003700029606,1
60003700026462,1
60003700029617,0
60003700029631,1
60003700029633,1
60003700029636,1
60003700029639,1
60003700029641,1
60003700029643,1
60003700029656,1
60003700029683,1
60003700029692,1
60003700029698,1
60003700029738,1
60003700029770,1
60003700029777,1
60003700029785,1
60003700029786,1
60003700029790,1
60003700029799,1
60003700029807,1
60003700029811,1
60003700029815,1
60003700029821,1
60003700029824,1
60003700029830,1
60003700029832,1
60003700029839,1
60003700029857,1
60003700029871,1
60003700029872,1
60003700029893,1
60003700029897,1
60003700029905,1
60003700029915,1
60003700029919,1
60003700029924,1
60003700029946,1
60003700029947,1
60003700029954,1
60003700029957,1
60003700024295,1
60003700024297,1
60003700024314,1
60003700024359,1
60003700024370,1
60003700024376,1
60003700024377,1
60003700029959,1
60003700029971,1
60003700029980,1
60003700029986,1
60003700024384,1
60003700024397,1
60003700024399,1
60003700024401,1
60003700024424,1
60003700024439,0
60003700024446,1
60003700024450,1
60003700024453,1
60003700029998,1
60003700024455,1
60003700024464,1
60003700024465,1
60003700030009,1
60003700024467,1
60003700024476,1
60003700024488,1
60003700024490,1
60003700024504,1
60003700024505,1
60003700030013,1
60003700030032,1
60003700030035,1
60003700030038,1
60003700030039,1
60003700024517,1
60003700024544,1
60003700030063,1
60003700024547,1
60003700024556,1
60003700030065,1
60003700024557,1
60003700030072,1
60003700024566,1
60003700024567,1
60003700030079,1
60003700024568,1
60003700024569,1
60003700024582,1
60003700024600,1
60003700024602,1
60003700030088,1
60003700030089,0
60003700030094,1
60003700030101,1
60003700030109,1
60003700024618,1
60003700024619,1
60003700024633,1
60003700030117,1
60003700024638,1
60003700024660,1
60003700024668,1
60003700024671,1
60003700024694,1
60003700024697,1
60003700024704,1
60003700024726,1
60003700024734,1
60003700024739,1
60003700024740,1
60003700030122,1
60003700024755,1
60003700024766,0
60003700024769,1
60003700024775,1
60003700024786,1
60003700024792,1
60003700024793,1
60003700024799,1
60003700024809,1
60003700024821,1
60003700024833,1
60003700024860,1
60003700024864,1
60003700024872,1
60003700024882,1
60003700024884,1
60003700024885,1
60003700024898,1
60003700024904,1
60003700024911,1
60003700024928,1
60003700024931,1
60003700024934,1
60003700024936,1
60003700024942,1
60003700024961,1
60003700024978,1
60003700024979,1
60003700024991,1
60003700024999,1
60003700025065,1
60003700025071,1
60003700025080,1
60003700025082,1
60003700025101,1
60003700025107,1
60003700025111,1
60003700025115,1
60003700025123,1
60003700025132,1
60003700025150,1
60003700025156,1
60003700025162,1
60003700025167,1
60003700025171,1
60003700025172,1
60003700025176,1
60003700025179,1
60003700025180,1
60003700025181,1
60003700025183,1
60003700025205,1
60003700025210,1
60003700025212,1
60003700025216,1
60003700025229,1
60003700025238,1
60003700025242,1
60003700025254,1
60003700025258,1
60003700025259,1
60003700025310,1
60003700025314,1
60003700025332,1
60003700025336,1
60003700025342,1
60003700025347,1
60003700025351,1
60003700025352,1
60003700025359,1
60003700025373,1
60003700025381,1
60003700025399,1
60003700025403,1
60003700025431,1
60003700025434,1
60003700025435,1
60003700025468,1
60003700025470,1
60003700026466,1
60003700026472,1
60003700026504,1
60003700026511,1
60003700026518,1
60003700025472,1
60003700025489,1
60003700025493,1
60003700025495,1
60003700025508,1
60003700025513,1
60003700025515,1
60003700025516,1
60003700025526,1
60003700025530,1
60003700025531,1
60003700025545,1
60003700025547,1
60003700030124,1
60003700030139,1
60003700030152,1
60003700030155,1
60003700026533,1
60003700026534,1
60003700026539,1
60003700026540,1
60003700025565,1
60003700025571,1
60003700025576,1
60003700025577,1
60003700025585,1
60003700025589,1
60003700025592,1
60003700026545,1
60003700026547,1
60003700026567,1
60003700025600,1
60003700025611,1
60003700025623,1
60003700025625,1
60003700026568,1
60003700026587,1
60003700026594,1
60003700026598,1
60003700026603,1
60003700026618,1
60003700026626,1
60003700025657,1
60003700026629,1
60003700026636,1
60003700026651,1
60003700026657,1
60003700026678,1
60003700026680,1
60003700026682,1
60003700026689,1
60003700026692,1
60003700026696,1
60003700026697,1
60003700026711,1
60003700026730,1
60003700026732,1
60003700026733,1
60003700026756,1
60003700026758,1
60003700026760,1
60003700026761,1
60003700026769,1
60003700026774,1
60003700026780,1
60003700026793,1
60003700026794,1
60003700026795,1
60003700026797,1
60003700026811,1
60003700026812,1
60003700025664,1
60003700026814,1
60003700026822,1
60003700026824,1
60003700026827,1
60003700026835,1
60003700026848,1
60003700026849,1
60003700026853,1
60003700026858,1
60003700026862,1
60003700025673,1
60003700026870,1
60003700026874,1
60003700026891,1
60003700026895,1
60003700026896,1
60003700026901,1
60003700026902,1
60003700026904,1
60003700026905,1
60003700026914,1
60003700030173,1
60003700030188,1
60003700030207,1
60003700030212,1
60003700030225,0
60003700030229,1
60003700026940,1
60003700026950,1
60003700026961,1
60003700026964,1
60003700026965,1
60003700030241,1
60003700030245,1
60003700030247,1
60003700030270,1
60003700030276,1
60003700025678,1
60003700025688,1
60003700025696,1
60003700025703,1
60003700025707,1
60003700025725,1
60003700025731,1
60003700025762,1
60003700025765,1
60003700025776,1
60003700025777,1
60003700025783,1
60003700025786,1
60003700030286,1
60003700025794,1
60003700025805,1
60003700025807,1
60003700025811,1
60003700030303,1
60003700030308,1
60003700030310,1
60003700030311,1
60003700030313,1
60003700030314,1
60003700030334,1
60003700025812,1
60003700025813,1
60003700025816,1
60003700025867,1
60003700025871,1
60003700025873,1
60003700025874,1
60003700025878,1
60003700000046,1
60003700000064,1
60003700000068,1
60003700000076,1
60003700000077,1
60003700000101,1
60003700000116,1
60003700000121,1
60003700000129,1
60003700000140,1
60003700000141,1
60003700025902,1
60003700025906,1
60003700025914,1
60003700000142,1
60003700000152,1
60003700000153,1
60003700000155,1
60003700000158,1
60003700025918,1
60003700000196,1
60003700025922,1
60003700025925,1
60003700000198,1
60003700000204,1
60003700000209,1
60003700000215,1
60003700025935,1
60003700025936,1
60003700000220,1
60003700000223,1
60003700000237,1
60003700000238,1
60003700000239,1
60003700000251,1
60003700000258,1
60003700025949,1
60003700025950,1
60003700026966,1
60003700026975,1
60003700026976,1
60003700026989,1
60003700026994,1
60003700027000,1
60003700027003,1
60003700027006,1
60003700027021,1
60003700027032,1
60003700027055,1
60003700027064,1
60003700027073,1
60003700027080,1
60003700027083,1
60003700027084,1
60003700027087,1
60003700027093,1
60003700027095,1
60003700027097,1
60003700025960,1
60003700025969,1
60003700025972,1
60003700025992,0
60003700025995,0
60003700026007,1
60003700026008,1
60003700026026,1
60003700026033,1
60003700026034,1
60003700026051,1
60003700026056,1
60003700026062,1
60003700026070,1
60003700026072,1
60003700026079,1
60003700026080,1
60003700026087,1
60003700026088,1
60003700026092,1
60003700026102,1
60003700026103,1
60003700026106,1
60003700026109,1
60003700026117,1
60003700026119,1
60003700026155,1
60003700026162,1
60003700026166,1
60003700026169,1
60003700026177,1
60003700026183,1
60003700026191,1
60003700027108,1
60003700027116,1
60003700027128,1
60003700027133,1
60003700027137,1
60003700027149,1
60003700027158,1
60003700027159,1
60003700027160,1
60003700027171,1
60003700027179,1
60003700027181,1
60003700026192,1
60003700026194,1
60003700026206,1
60003700026209,1
60003700026214,1
60003700026222,1
60003700026227,1
60003700026240,1
60003700026242,1
60003700026243,1
60003700026252,1
60003700026259,1
60003700026271,1
60003700026277,1
60003700026280,1
60003700026281,1
60003700026295,1
60003700026300,1
60003700026309,1
60003700026310,1
60003700026314,1
60003700026315,1
60003700026321,1
60003700026342,1
60003700026350,1
60003700026358,1
60003700026359,1
60003700026378,1
60003700026379,1
60003700026392,1
60003700026426,1
60003700026440,1
60003700026448,1
60003700027190,1
60003700027193,1
60003700027199,1
60003700027225,1
60003700026452,1
60003700026454,1
60003700026455,1
60003700027230,1
60003700027232,1
60003700027242,1
60003700026470,1
60003700026474,1
60003700026484,1
60003700026491,1
60003700026495,1
60003700026500,1
60003700026501,1
60003700026503,1
60003700026505,1
60003700026506,1
60003700026509,1
60003700026512,1
60003700026515,1
60003700026524,1
60003700027255,1
60003700027260,1
60003700026525,1
60003700027266,1
60003700027271,1
60003700027273,1
60003700027278,1
60003700027282,1
60003700027289,1
60003700027296,1
60003700027297,1
60003700027304,1
60003700027306,1
60003700027314,1
60003700027316,1
60003700000260,1
60003700000267,1
60003700000276,1
60003700000280,1
60003700000298,1
60003700000299,1
60003700000300,1
60003700000306,1
60003700000313,1
60003700000316,1
60003700000322,1
60003700000323,1
60003700000336,1
60003700000340,1
60003700000348,1
60003700000350,1
60003700000362,1
60003700000363,1
60003700000364,1
60003700000375,1
60003700000385,1
60003700000394,1
60003700000398,1
60003700000402,1
60003700000413,1
60003700000416,1
60003700000440,1
60003700000442,1
60003700000450,1
60003700000452,1
60003700000458,1
60003700000464,1
60003700027319,1
60003700027335,1
60003700000477,1
60003700000483,1
60003700000503,1
60003700027342,1
60003700000517,1
60003700000523,1
60003700000535,1
60003700000543,1
60003700000555,1
60003700000566,1
60003700027343,1
60003700027352,1
60003700000570,1
60003700000585,1
60003700000586,1
60003700000587,1
60003700000588,1
60003700027360,1
60003700027373,1
60003700027375,1
60003700027376,1
60003700027386,1
60003700027403,1
60003700027405,1
60003700027406,1
60003700027422,1
60003700027425,1
60003700000591,1
60003700000592,1
60003700000601,1
60003700000615,1
60003700000626,1
60003700000631,1
60003700000636,1
60003700000637,1
60003700000638,1
60003700027426,1
60003700000641,1
60003700000643,1
60003700000647,1
60003700000650,1
60003700000661,1
60003700000682,1
60003700000683,1
60003700000695,1
60003700027442,1
60003700000706,1
60003700000710,1
60003700027449,1
60003700000722,1
60003700000723,1
60003700000724,1
60003700000730,1
60003700000732,1
60003700000759,1
60003700000790,1
60003700000795,1
60003700000803,1
60003700000804,1
60003700000809,1
60003700000816,1
60003700000817,1
60003700000825,1
60003700000846,1
60003700000853,1
60003700000858,1
60003700000861,1
60003700000876,1
60003700027453,1
60003700000890,1
60003700000899,1
60003700000905,1
60003700000907,1
60003700000922,1
60003700000931,1
60003700000938,1
60003700000942,1
60003700000949,1
60003700000951,1
60003700000954,1
60003700000956,1
60003700027455,1
60003700027463,1
60003700027472,1
60003700027482,1
60003700027495,1
60003700027512,1
60003700027514,1
60003700027527,1
60003700027541,1
60003700027546,1
60003700027574,1
60003700027578,1
60003700027579,1
60003700027589,1
60003700027599,1
60003700027602,1
60003700027605,1
60003700027607,1
60003700027637,1
60003700027665,1
60003700027666,1
60003700027689,1
60003700027696,1
60003700027734,1
60003700027736,1
60003700027739,1
60003700027748,1
60003700027750,1
60003700027754,1
60003700027757,1
60003700027763,1
60003700027767,1
60003700027778,1
60003700027798,1
60003700027799,1
60003700027804,1
60003700027830,1
60003700027835,1
60003700027850,1
60003700027857,1
60003700027866,1
60003700027889,1
60003700027894,1
60003700027897,1
60003700027907,1
60003700027924,1
60003700027954,1
60003700027955,1
60003700027956,1
60003700027957,1
60003700027967,1
60003700027980,1
60003700027983,1
60003700027987,1
60003700027989,1
60003700027990,1
60003700028038,1
60003700028040,1
60003700028054,1
60003700028056,1
60003700028070,1
60003700028078,1
60003700028093,1
60003700028094,1
60003700028112,1
60003700028116,1
60003700028121,1
60003700028130,1
60003700028134,1
60003700028136,1
60003700028162,1
60003700028168,1
60003700028172,1
60003700028176,1
60003700028181,1
60003700028189,1
60003700028193,1
60003700028203,1
60003700028209,1
60003700028215,1
60003700028219,1
60003700028220,1
60003700028223,1
60003700028236,1
60003700028242,1
60003700028245,1
60003700000960,1
60003700000963,1
60003700000967,1
60003700000977,1
60003700000991,1
60003700001007,1
60003700001017,1
60003700001018,1
60003700001028,1
60003700001035,1
60003700001043,1
60003700001100,1
60003700001108,1
60003700001113,1
60003700001115,1
60003700001117,1
60003700001120,1
60003700001143,1
60003700001150,1
60003700001158,1
60003700001166,1
60003700001177,1
60003700001180,1
60003700001191,1
60003700001203,1
60003700001209,1
60003700001213,1
60003700001216,1
60003700001225,1
60003700001256,1
60003700001617,1
60003700001618,1
60003700001622,1
60003700001624,1
60003700001642,1
60003700001647,1
60003700001652,1
60003700001689,1
60003700001707,1
60003700001722,1
60003700001724,1
60003700001729,1
60003700001760,1
60003700001761,1
60003700001769,1
60003700001774,1
60003700001777,1
60003700001780,1
60003700001781,1
60003700001785,1
60003700001792,1
60003700001796,1
60003700001802,1
60003700001803,1
60003700001804,1
60003700001805,1
60003700001818,1
60003700001824,1
60003700001829,1
60003700001846,1
60003700001848,1
60003700001851,1
60003700001878,1
60003700001882,1
60003700001885,1
60003700001899,1
60003700001910,1
60003700001913,1
60003700001921,1
60003700001931,1
60003700001946,1
60003700001956,1
60003700001961,1
60003700001962,1
60003700001973,1
60003700001974,1
60003700001978,1
60003700001995,1
60003700002008,1
60003700002023,1
60003700002028,1
60003700002030,1
60003700024572,1
60003700024574,1
60003700024579,1
60003700024580,1
60003700024585,1
60003700024594,1
60003700024603,1
60003700024605,1
60003700024611,1
60003700024617,1
60003700024622,1
60003700024630,1
60003700024641,1
60003700024651,1
60003700024659,1
60003700024662,1
60003700024666,1
60003700024670,1
60003700024678,1
60003700024679,1
60003700024695,1
60003700024701,1
60003700024715,1
60003700024724,1
60003700028379,1
60003700028381,1
60003700002388,1
60003700028386,1
60003700028387,1
60003700028392,1
60003700028396,1
60003700028399,1
60003700002423,1
60003700028404,1
60003700002425,1
60003700028441,1
60003700028444,1
60003700028451,1
60003700028465,1
60003700028483,1
60003700028491,1
60003700028492,1
60003700028493,1
60003700028495,1
60003700028518,1
60003700028524,1
60003700028529,1
60003700028551,1
60003700028555,1
60003700028559,1
60003700028579,1
60003700028590,1
60003700009484,1
60003700009494,1
60003700009495,1
60003700009510,0
60003700009515,1
60003700009517,1
60003700009518,1
60003700025700,1
60003700025709,1
60003700028610,1
60003700028611,1
60003700028617,1
60003700028619,1
60003700028622,1
60003700028652,1
60003700028656,1
60003700028657,1
60003700028660,1
60003700009530,0
60003700009534,1
60003700028665,1
60003700028673,1
60003700028676,1
60003700028686,1
60003700028694,1
60003700028702,1
60003700028711,1
60003700028713,1
60003700028717,1
60003700028735,1
60003700028751,1
60003700028768,1
60003700028779,1
60003700028788,1
60003700028831,1
60003700028846,1
60003700028870,1
60003700028891,1
60003700028897,1
60003700028903,1
60003700028913,1
60003700028923,1
60003700028934,1
60003700028947,1
60003700028959,1
60003700028964,1
60003700028970,1
60003700028990,1
60003700029002,1
60003700029011,1
60003700029016,1
60003700029032,1
60003700029036,1
60003700029038,1
60003700029044,0
60003700029045,1
60003700029050,1
60003700029058,1
60003700029060,1
60003700029064,1
60003700029069,1
60003700029073,1
60003700029092,1
60003700029099,1
60003700029101,1
60003700029108,1
60003700029119,1
60003700029128,1
60003700029135,1
60003700029145,1
60003700030116,1
60003700030123,1
60003700030138,1
60003700029152,1
60003700029161,1
60003700029167,1
60003700029168,1
60003700029174,1
60003700030140,1
60003700030153,1
60003700030168,1
60003700030177,1
60003700030186,1
60003700030190,1
60003700030194,1
60003700030195,1
60003700030202,1
60003700030209,1
60003700030210,1
60003700030216,1
60003700030221,1
60003700030236,1
60003700029187,0
60003700029192,1
60003700029199,1
60003700009542,0
60003700009550,1
60003700029200,1
60003700029203,1
60003700029221,1
60003700029240,1
60003700029246,1
60003700029312,1
60003700029316,1
60003700029321,1
60003700029352,0
60003700029357,0
60003700009554,0
60003700009557,1
60003700029359,1
60003700029366,1
60003700029373,1
60003700029377,1
60003700030242,1
60003700030257,1
60003700030280,1
60003700030281,1
60003700030283,1
60003700030284,1
60003700030289,1
60003700030294,1
60003700030295,1
60003700030296,1
60003700030301,1
60003700030307,1
60003700030315,1
60003700030319,1
60003700030322,1
60003700030323,1
60003700030324,1
60003700030330,1
60003700000035,1
60003700000036,1
60003700000044,1
60003700000049,1
60003700000062,1
60003700000063,1
60003700000070,1
60003700000073,1
60003700000085,1
60003700000091,1
60003700000095,1
60003700000100,1
60003700000102,1
60003700000103,1
60003700000133,1
60003700000136,1
60003700000148,1
60003700000156,1
60003700000173,1
60003700000174,1
60003700000175,1
60003700000177,1
60003700000178,1
60003700000179,1
60003700000180,1
60003700000197,1
60003700000205,1
60003700000206,1
60003700000216,1
60003700000217,1
60003700000219,1
60003700000228,1
60003700000230,1
60003700000231,1
60003700000234,1
60003700000246,1
60003700000248,1
60003700000252,1
60003700000262,1
60003700000271,1
60003700000279,1
60003700000283,1
60003700000287,1
60003700000289,1
60003700000290,1
60003700000294,1
60003700000303,1
60003700000319,1
60003700000338,1
60003700000341,1
60003700000346,1
60003700000357,1
60003700000376,1
60003700000388,1
60003700000391,1
60003700025717,1
60003700025724,1
60003700025726,1
60003700025747,1
60003700025757,1
60003700025759,1
60003700025766,1
60003700025779,1
60003700025785,1
60003700025790,1
60003700025800,1
60003700025834,1
60003700025840,1
60003700025844,1
60003700025847,1
60003700026015,1
60003700026020,1
60003700026029,1
60003700026053,1
60003700026059,1
60003700026060,1
60003700026073,1
60003700026075,1
60003700026100,1
60003700026105,1
60003700026107,1
60003700026111,1
60003700026113,1
60003700026118,1
60003700026130,1
60003700026131,1
60003700026140,1
60003700026148,1
60003700026160,1
60003700026170,1
60003700026174,1
60003700026201,1
60003700026204,1
60003700026207,1
60003700026208,1
60003700026210,1
60003700026217,1
60003700026218,1
60003700026219,1
60003700026220,1
60003700026319,1
60003700026323,1
60003700026329,1
60003700026332,1
60003700026333,1
60003700026337,1
60003700026338,1
60003700026340,1
60003700026347,1
60003700026352,1
60003700026353,1
60003700026366,1
60003700026376,1
60003700026385,1
60003700029390,1
60003700029397,1
60003700029398,1
60003700029405,1
60003700029408,1
60003700029413,1
60003700029419,1
60003700029422,1
60003700029426,1
60003700029431,1
60003700029432,0
60003700029447,1
60003700029474,1
60003700029482,1
60003700029637,1
60003700029667,1
60003700029671,1
60003700029713,1
60003700029714,1
60003700029728,1
60003700029748,1
60003700029752,1
60003700029757,1
60003700029778,1
60003700029782,1
60003700029784,1
60003700029788,0
60003700029796,1
60003700029801,1
60003700029818,1
60003700029834,0
60003700029837,1
60003700029842,1
60003700029846,1
60003700029848,0
60003700029851,1
60003700029858,1
60003700029859,1
60003700029886,0
60003700029889,1
60003700026396,1
60003700026408,1
60003700026414,1
60003700026420,1
60003700026421,1
60003700026423,1
60003700026444,1
60003700018677,1
60003700018685,1
60003700018688,1
60003700018695,1
60003700018696,1
60003700018718,1
60003700018744,1
60003700018747,1
60003700018748,1
60003700018768,1
60003700018772,1
60003700018784,1
60003700018789,1
60003700018791,1
60003700018800,1
60003700018801,1
60003700018804,1
60003700018813,1
60003700018820,1
60003700018828,1
60003700018843,1
60003700018845,1
60003700018851,1
60003700018863,1
60003700009560,0
60003700018876,1
60003700009563,0
60003700018879,1
60003700018882,1
60003700018887,1
60003700018897,1
60003700018901,1
60003700018922,1
60003700018928,1
60003700018931,1
60003700018934,1
60003700018937,1
60003700018942,1
60003700018946,1
60003700018947,1
60003700018949,1
60003700019011,1
60003700026447,1
60003700026471,1
60003700026479,1
60003700026481,1
60003700026488,1
60003700026489,1
60003700026510,1
60003700026517,1
60003700026522,1
60003700026523,1
60003700026553,1
60003700026556,1
60003700026559,1
60003700026561,1
60003700026565,1
60003700009565,0
60003700009569,1
60003700026579,1
60003700026582,1
60003700026586,1
60003700026597,1
60003700026612,1
60003700009570,0
60003700026616,1
60003700026627,1
60003700026630,1
60003700009577,0
60003700009578,1
60003700026640,1
60003700026652,1
60003700026663,1
60003700026665,1
60003700026666,1
60003700026668,1
60003700026672,1
60003700026677,1
60003700026679,1
60003700026686,1
60003700009584,0
60003700026693,1
60003700009592,0
60003700026710,1
60003700026715,1
60003700009601,1
60003700026722,1
60003700009605,1
60003700009608,1
60003700009609,1
60003700026728,1
60003700026749,1
60003700026766,1
60003700026770,1
60003700009613,0
60003700009614,1
60003700009635,1
60003700009648,1
60003700009655,1
60003700009658,1
60003700009662,1
60003700009664,1
60003700009667,1
60003700009669,1
60003700009695,1
60003700009707,1
60003700009724,1
60003700009726,1
60003700009729,1
60003700009740,0
60003700009746,1
60003700009754,1
60003700009755,1
60003700009766,1
60003700009772,1
60003700009777,1
60003700009785,1
60003700009786,1
60003700009796,1
60003700009815,1
60003700009825,1
60003700009833,1
60003700009834,1
60003700009838,1
60003700009841,1
60003700009848,1
60003700009851,1
60003700009863,1
60003700009872,1
60003700009876,1
60003700009877,1
60003700009879,1
60003700009904,1
60003700009906,1
60003700009907,1
60003700009922,1
60003700009934,1
60003700009936,1
60003700009942,1
60003700009961,1
60003700009978,1
60003700010001,1
60003700010002,1
60003700010008,1
60003700010014,1
60003700010015,1
60003700010022,1
60003700010037,1
60003700010040,1
60003700010043,1
60003700010045,1
60003700010054,0
60003700010056,1
60003700010063,1
60003700010072,1
60003700010078,1
60003700010123,1
60003700010132,1
60003700010140,1
60003700010158,1
60003700010170,1
60003700010173,1
60003700010177,1
60003700010183,1
60003700010198,1
60003700010210,1
60003700010220,1
60003700010221,1
60003700026772,1
60003700026777,1
60003700026785,1
60003700026789,1
60003700026798,1
60003700026807,1
60003700026810,1
60003700026819,1
60003700026820,1
60003700026838,1
60003700026865,1
60003700026868,1
60003700024224,1
60003700024229,1
60003700024232,1
60003700024260,1
60003700024264,1
60003700024272,1
60003700024281,1
60003700000392,1
60003700000393,1
60003700000412,1
60003700000415,1
60003700000417,1
60003700000423,1
60003700000424,1
60003700000428,1
60003700000433,1
60003700026880,1
60003700000437,1
60003700000455,1
60003700000470,1
60003700000471,1
60003700000473,1
60003700000474,1
60003700000480,1
60003700000485,1
60003700000489,1
60003700024348,1
60003700000492,1
60003700002428,1
60003700002429,1
60003700002430,1
60003700002438,1
60003700002446,1
60003700002453,1
60003700002459,1
60003700002464,1
60003700002465,1
60003700002470,1
60003700002474,1
60003700002475,1
60003700002485,1
60003700002497,1
60003700002499,1
60003700002503,1
60003700024437,1
60003700024443,1
60003700002518,1
60003700002530,1
60003700002541,1
60003700002548,1
60003700002552,1
60003700002553,1
60003700002568,1
60003700002580,1
60003700002593,1
60003700002615,1
60003700024452,1
60003700000501,1
60003700000513,1
60003700000519,1
60003700000524,1
60003700000529,1
60003700000530,1
60003700002623,1
60003700002627,1
60003700000533,1
60003700000542,1
60003700000565,1
60003700000584,1
60003700000590,1
60003700000596,1
60003700002632,1
60003700002643,1
60003700002644,1
60003700002656,1
60003700002661,1
60003700002662,1
60003700002666,1
60003700000613,1
60003700000619,1
60003700000620,1
60003700000622,1
60003700000630,1
60003700002670,1
60003700000640,1
60003700000644,1
60003700024469,1
60003700024471,1
60003700000646,1
60003700000656,1
60003700000674,1
60003700000679,1
60003700000681,1
60003700000704,1
60003700002672,1
60003700002675,1
60003700024486,1
60003700002680,1
60003700002689,1
60003700002697,1
60003700002700,1
60003700002705,1
60003700002726,1
60003700002736,1
60003700002738,1
60003700002740,1
60003700002749,1
60003700002759,1
60003700024491,1
60003700024501,0
60003700024502,1
60003700000705,1
60003700000711,1
60003700024510,1
60003700024527,1
60003700024530,1
60003700026881,1
60003700026888,1
60003700002764,1
60003700002777,1
60003700002781,1
60003700002803,1
60003700002809,1
60003700002814,1
60003700002816,1
60003700002828,1
60003700026910,1
60003700026935,1
60003700026945,1
60003700002838,1
60003700002842,1
60003700002847,1
60003700002862,1
60003700002864,1
60003700002870,1
60003700002871,1
60003700002891,1
60003700002893,1
60003700002894,1
60003700002898,1
60003700002904,1
60003700002913,1
60003700002914,1
60003700002915,1
60003700002916,1
60003700002934,1
60003700002937,1
60003700002957,1
60003700002971,1
60003700002972,1
60003700002975,1
60003700002984,1
60003700002994,1
60003700002997,1
60003700003010,1
60003700003011,1
60003700003019,1
60003700003024,1
60003700003028,1
60003700003031,1
60003700026947,1
60003700003044,1
60003700003052,1
60003700003056,1
60003700003065,1
60003700003067,1
60003700003077,1
60003700003099,1
60003700003101,1
60003700003108,1
60003700003128,1
60003700003131,1
60003700003133,1
60003700003144,1
60003700003149,1
60003700003161,1
60003700003201,1
60003700000712,1
60003700000727,1
60003700000736,1
60003700000737,1
60003700000743,1
60003700000744,1
60003700000751,1
60003700000757,1
60003700000758,1
60003700000762,1
60003700000763,1
60003700000776,1
60003700000801,1
60003700000814,1
60003700000815,1
60003700024545,1
60003700000819,1
60003700010239,1
60003700000828,1
60003700000832,1
60003700010240,1
60003700000835,1
60003700010242,1
60003700000840,1
60003700000843,1
60003700010251,1
60003700010254,1
60003700010265,1
60003700000859,1
60003700000865,1
60003700000868,1
60003700000885,1
60003700000886,1
60003700000894,1
60003700000925,1
60003700000930,1
60003700000935,1
60003700024558,1
60003700024562,1
60003700024593,1
60003700024604,1
60003700024615,1
60003700024626,1
60003700024628,1
60003700024640,1
60003700024652,1
60003700024683,1
60003700024688,1
60003700024693,1
60003700024698,1
60003700019477,0
60003700019485,1
60003700019495,1
60003700019496,1
60003700024699,1
60003700019511,1
60003700019519,1
60003700019523,1
60003700019532,1
60003700000999,0
60003700001009,1
60003700001014,1
60003700001016,1
60003700001024,1
60003700001027,1
60003700001030,1
60003700001036,1
60003700001038,1
60003700001040,1
60003700001044,1
60003700001062,1
60003700001071,1
60003700001072,1
60003700001075,1
60003700001083,1
60003700001085,1
60003700001086,1
60003700001089,1
60003700001110,1
60003700002846,1
60003700001116,1
60003700024707,1
60003700024712,1
60003700024719,1
60003700001127,1
60003700001133,1
60003700001135,1
60003700001147,1
60003700001163,1
60003700002849,1
60003700002852,1
60003700002854,1
60003700002861,1
60003700002866,1
60003700002868,1
60003700002874,1
60003700002895,1
60003700002903,1
60003700001171,1
60003700002923,1
60003700002924,1
60003700002929,1
60003700001178,1
60003700002935,1
60003700002949,1
60003700002961,1
60003700002980,1
60003700002992,1
60003700002993,1
60003700002996,1
60003700001181,1
60003700003000,1
60003700003005,1
60003700001185,1
60003700003037,1
60003700003041,1
60003700001186,1
60003700001192,1
60003700001201,1
60003700001204,1
60003700001206,1
60003700001212,1
60003700001217,1
60003700001221,1
60003700001223,1
60003700001231,1
60003700001237,1
60003700001246,1
60003700003045,1
60003700003047,1
60003700001247,1
60003700003054,1
60003700003058,1
60003700003059,1
60003700001258,1
60003700001263,1
60003700001266,1
60003700001278,1
60003700001288,1
60003700001289,1
60003700001290,1
60003700001292,1
60003700001294,1
60003700001304,1
60003700003062,1
60003700003072,1
60003700003075,1
60003700003076,1
60003700001316,1
60003700001322,1
60003700001330,1
60003700001337,1
60003700001350,1
60003700001384,1
60003700001386,1
60003700001387,1
60003700001407,1
60003700001419,1
60003700001427,1
60003700001429,1
60003700003082,1
60003700003093,1
60003700003095,1
60003700003096,1
60003700003097,1
60003700003113,1
60003700001434,1
60003700003134,1
60003700003138,1
60003700003147,1
60003700003150,1
60003700003152,1
60003700003160,1
60003700003170,1
60003700003172,1
60003700003173,1
60003700003175,1
60003700003177,1
60003700003187,1
60003700003193,1
60003700003197,1
60003700003218,1
60003700003226,1
60003700003230,1
60003700003232,1
60003700003248,1
60003700003277,1
60003700003285,1
60003700003289,1
60003700001447,1
60003700001453,1
60003700003290,1
60003700003304,1
60003700003318,1
60003700003328,1
60003700003331,1
60003700003343,1
60003700003346,1
60003700003347,1
60003700003353,1
60003700003364,1
60003700003365,1
60003700003367,1
60003700003379,1
60003700003390,1
60003700003391,1
60003700019535,1
60003700019546,0
60003700019548,1
60003700019551,1
60003700019554,1
60003700019567,1
60003700019579,1
60003700019580,1
60003700001464,1
60003700001467,1
60003700001469,1
60003700001470,1
60003700001476,1
60003700001488,1
60003700001496,1
60003700001520,1
60003700001547,1
60003700001574,1
60003700001581,1
60003700001585,1
60003700001589,1
60003700001603,1
60003700001607,1
60003700001610,1
60003700001632,1
60003700001644,1
60003700001645,1
60003700001646,1
60003700001653,1
60003700001656,1
60003700019581,1
60003700019583,1
60003700001660,1
60003700019586,1
60003700019587,1
60003700001669,1
60003700001674,1
60003700001681,1
60003700001688,1
60003700001693,1
60003700001706,1
60003700001716,1
60003700001740,1
60003700001742,1
60003700001762,1
60003700001764,1
60003700001770,1
60003700001784,1
60003700001794,1
60003700001800,1
60003700001812,1
60003700001815,1
60003700001817,1
60003700001832,1
60003700001836,1
60003700001847,1
60003700001850,1
60003700001852,1
60003700001856,1
60003700001858,1
60003700001861,1
60003700001862,1
60003700001872,1
60003700001879,1
60003700001880,1
60003700001895,1
60003700001896,1
60003700001907,1
60003700001919,1
60003700001943,1
60003700001945,1
60003700001952,1
60003700001963,1
60003700019603,1
60003700001968,1
60003700001971,1
60003700001975,1
60003700001980,1
60003700001988,1
60003700002010,1
60003700002014,1
60003700002016,1
60003700002038,1
60003700002042,1
60003700002082,1
60003700002088,1
60003700002093,1
60003700019609,1
60003700002094,1
60003700002106,1
60003700002114,1
60003700002118,1
60003700002133,1
60003700002134,1
60003700002141,1
60003700002158,1
60003700002168,1
60003700002174,1
60003700002209,1
60003700002211,1
60003700002214,1
60003700002219,1
60003700002226,1
60003700019617,1
60003700019618,1
60003700029663,1
60003700029679,1
60003700024721,1
60003700024723,1
60003700024728,1
60003700029700,1
60003700024729,1
60003700029708,1
60003700029709,1
60003700029722,1
60003700029723,1
60003700029726,1
60003700029734,1
60003700029737,1
60003700029741,1
60003700029744,1
60003700029745,1
60003700029751,1
60003700029756,1
60003700029773,1
60003700029774,1
60003700029775,1
60003700029791,1
60003700029793,1
60003700029802,1
60003700029809,1
60003700029812,1
60003700029813,1
60003700029829,1
60003700029831,1
60003700029833,0
60003700029860,1
60003700029862,1
60003700029874,1
60003700029882,1
60003700029883,1
60003700029891,1
60003700029894,1
60003700029899,1
60003700029909,1
60003700029935,1
60003700029936,1
60003700029937,1
60003700029938,1
60003700029953,1
60003700029967,1
60003700029968,0
60003700029970,1
60003700029975,1
60003700029987,1
60003700029988,1
60003700030000,1
60003700030003,1
60003700030004,1
60003700030005,1
60003700030010,1
60003700030014,0
60003700030040,1
60003700030053,1
60003700024731,0
60003700030061,1
60003700030067,1
60003700024732,1
60003700030070,1
60003700024735,1
60003700024751,1
60003700024767,1
60003700030075,1
60003700030095,1
60003700030104,1
60003700030108,1
60003700030114,1
60003700024778,1
60003700024787,1
60003700030119,1
60003700024790,1
60003700030120,1
60003700024795,1
60003700030126,1
60003700030137,1
60003700030158,1
60003700030161,1
60003700030170,1
60003700024798,1
60003700024802,1
60003700030181,1
60003700030187,1
60003700024812,1
60003700003403,1
60003700003406,1
60003700003424,1
60003700003425,1
60003700003426,1
60003700003436,1
60003700003475,1
60003700003482,1
60003700003488,1
60003700003489,1
60003700003490,1
60003700003497,1
60003700003511,1
60003700003512,1
60003700003519,1
60003700003526,1
60003700003534,1
60003700003543,1
60003700003544,0
60003700003546,1
60003700003549,1
60003700003563,1
60003700003564,1
60003700003569,1
60003700003580,1
60003700003594,1
60003700003609,1
60003700003617,1
60003700003624,1
60003700003625,1
60003700003627,1
60003700003641,1
60003700003643,1
60003700003646,1
60003700003649,1
60003700003656,1
60003700003675,1
60003700003676,1
60003700003680,1
60003700003691,1
60003700003962,1
60003700003968,1
60003700003970,1
60003700030189,1
60003700030196,1
60003700030197,0
60003700030230,1
60003700030235,1
60003700030250,1
60003700030256,1
60003700030264,1
60003700030265,1
60003700030267,1
60003700030304,1
60003700030321,1
60003700030328,1
60003700030329,1
60003700030354,1
60003700000018,1
60003700000024,1
60003700000031,1
60003700000033,1
60003700000066,1
60003700000072,1
60003700000093,1
60003700000094,1
60003700000099,1
60003700000104,1
60003700000119,1
60003700000126,1
60003700000130,1
60003700000131,1
60003700000159,1
60003700000164,1
60003700000168,1
60003700024816,1
60003700024823,1
60003700024825,1
60003700024835,1
60003700024846,1
60003700024870,1
60003700024877,1
60003700024917,1
60003700024926,1
60003700024930,1
60003700024933,1
60003700024935,1
60003700024939,1
60003700024945,1
60003700024953,1
60003700024954,1
60003700024967,1
60003700024968,1
60003700024970,1
60003700024971,1
60003700024990,1
60003700025014,1
60003700025015,1
60003700025027,1
60003700025028,1
60003700025035,1
60003700025038,1
60003700025039,1
60003700025047,1
60003700025057,1
60003700025060,1
60003700025079,1
60003700025095,1
60003700025118,1
60003700025126,1
60003700025129,1
60003700018411,1
60003700018424,1
60003700018430,0
60003700018433,1
60003700025130,1
60003700025140,1
60003700025152,1
60003700025166,1
60003700025189,1
60003700025193,1
60003700018511,1
60003700018516,1
60003700018530,1
60003700025195,1
60003700025197,1
60003700025201,1
60003700018541,1
60003700018551,1
60003700025209,1
60003700025217,1
60003700025220,1
60003700025232,1
60003700018555,1
60003700018559,1
60003700018563,1
60003700018564,1
60003700018576,1
60003700018577,1
60003700018585,1
60003700018589,1
60003700018596,1
60003700025271,1
60003700018609,1
60003700025272,1
60003700018618,1
60003700018633,1
60003700018640,1
60003700018642,1
60003700018665,1
60003700025274,1
60003700019628,1
60003700019629,1
60003700019649,0
60003700019655,1
60003700019657,1
60003700019661,1
60003700025278,1
60003700025288,1
60003700019678,1
60003700019681,1
60003700019710,1
60003700003977,1
60003700003981,1
60003700004009,1
60003700004018,1
60003700004022,1
60003700004023,1
60003700004043,1
60003700004066,1
60003700004078,1
60003700004079,1
60003700004080,1
60003700004093,1
60003700004094,1
60003700004099,1
60003700004103,1
60003700004107,1
60003700004108,1
60003700004112,1
60003700004136,1
60003700004138,1
60003700004141,1
60003700004154,1
60003700004165,1
60003700004166,1
60003700004177,1
60003700004223,1
60003700004234,1
60003700019716,1
60003700004245,1
60003700004246,1
60003700004249,1
60003700004257,1
60003700004269,1
60003700004277,1
60003700004285,1
60003700004292,1
60003700004299,1
60003700004305,1
60003700004307,1
60003700004317,1
60003700004324,1
60003700004327,1
60003700004337,1
60003700004339,1
60003700004350,1
60003700004352,1
60003700004359,1
60003700004361,1
60003700004366,1
60003700004385,1
60003700004392,1
60003700004400,1
60003700004404,1
60003700004423,1
60003700004425,1
60003700004438,1
60003700004446,1
60003700004447,1
60003700004450,1
60003700004473,1
60003700004486,1
60003700004488,1
60003700004498,1
60003700004501,1
60003700004506,0
60003700004508,1
60003700004514,1
60003700004515,1
60003700004521,1
60003700004526,1
60003700004539,1
60003700004551,1
60003700004553,1
60003700004560,1
60003700004561,1
60003700004573,1
60003700004583,1
60003700004586,1
60003700004588,1
60003700004595,1
60003700004606,1
60003700004608,1
60003700004629,1
60003700019734,1
60003700025308,1
60003700025313,1
60003700025320,1
60003700025321,1
60003700019757,1
60003700019761,1
60003700019767,1
60003700019775,1
60003700019779,1
60003700019780,1
60003700019785,1
60003700019790,1
60003700019792,0
60003700019793,1
60003700019796,1
60003700004636,1
60003700004649,1
60003700004657,1
60003700004672,1
60003700004686,1
60003700019800,1
60003700019801,1
60003700004699,1
60003700004701,1
60003700004709,1
60003700004712,1
60003700004714,1
60003700004715,1
60003700004718,1
60003700004730,1
60003700004747,1
60003700004758,1
60003700004764,1
60003700004769,1
60003700004770,1
60003700004773,1
60003700004776,1
60003700004781,1
60003700004782,1
60003700004798,1
60003700004801,1
60003700004813,1
60003700004819,1
60003700004821,1
60003700004822,1
60003700004826,1
60003700004830,1
60003700004863,1
60003700004897,1
60003700004899,1
60003700004900,1
60003700004902,1
60003700004913,1
60003700004920,1
60003700004923,1
60003700004925,1
60003700004927,1
60003700004931,1
60003700004932,0
60003700004938,1
60003700004946,1
60003700004950,1
60003700004953,1
60003700004958,1
60003700004969,1
60003700005011,1
60003700005014,1
60003700005019,1
60003700005020,1
60003700005024,1
60003700005026,1
60003700005029,1
60003700005036,1
60003700005048,1
60003700005050,1
60003700005055,1
60003700005057,1
60003700005070,0
60003700005077,1
60003700005087,1
60003700005094,1
60003700005095,1
60003700005101,1
60003700005103,1
60003700025322,1
60003700025323,1
60003700025337,1
60003700025354,1
60003700025367,1
60003700025368,1
60003700025380,1
60003700025386,1
60003700025387,1
60003700025397,1
60003700025407,1
60003700025409,1
60003700025413,1
60003700000191,1
60003700000192,1
60003700025430,1
60003700025445,1
60003700025458,1
60003700025460,1
60003700025473,1
60003700025481,1
60003700025486,1
60003700025496,1
60003700025506,1
60003700025521,1
60003700025540,1
60003700025543,1
60003700025551,1
60003700025561,1
60003700025566,1
60003700026878,1
60003700026885,1
60003700026894,1
60003700026908,1
60003700026912,1
60003700026926,1
60003700026937,1
60003700026938,1
60003700026954,1
60003700026968,1
60003700026978,1
60003700026982,1
60003700027008,1
60003700027012,1
60003700027014,1
60003700027025,1
60003700027052,1
60003700027058,1
60003700027059,1
60003700027060,1
60003700027065,1
60003700027075,1
60003700027081,1
60003700027085,1
60003700027092,1
60003700027104,1
60003700027109,1
60003700027110,1
60003700027122,1
60003700027123,1
60003700027125,1
60003700027126,1
60003700027132,1
60003700027135,1
60003700027143,1
60003700027157,1
60003700027167,1
60003700027170,1
60003700027180,1
60003700027182,1
60003700016434,1
60003700016440,1
60003700016449,1
60003700016459,1
60003700016460,1
60003700016464,1
60003700016465,1
60003700016473,1
60003700016484,1
60003700016503,1
60003700016512,1
60003700016514,1
60003700016526,1
60003700016527,1
60003700016533,1
60003700016540,1
60003700016548,1
60003700016551,1
60003700016556,1
60003700016558,1
60003700016576,1
60003700016582,1
60003700016603,1
60003700016604,1
60003700016621,1
60003700016642,1
60003700016649,1
60003700016657,1
60003700016659,1
60003700016667,1
60003700016674,1
60003700016681,1
60003700016683,1
60003700016689,1
60003700016700,1
60003700016710,1
60003700016712,1
60003700016722,1
60003700016723,1
60003700016725,1
60003700016726,1
60003700016731,1
60003700016733,1
60003700016734,1
60003700016736,1
60003700016737,1
60003700016752,1
60003700016761,1
60003700016775,1
60003700016793,1
60003700016800,1
60003700016805,1
60003700016816,1
60003700016823,1
60003700016830,1
60003700025570,1
60003700016839,1
60003700016858,1
60003700016868,1
60003700016875,1
60003700016878,1
60003700016879,1
60003700016885,1
60003700016892,1
60003700016912,1
60003700016915,1
60003700025572,1
60003700016916,1
60003700016954,1
60003700025573,1
60003700016955,1
60003700016983,1
60003700017005,1
60003700017021,1
60003700017028,1
60003700027185,1
60003700027188,1
60003700017033,1
60003700017037,1
60003700017038,1
60003700017040,1
60003700017051,1
60003700017059,1
60003700017077,1
60003700017086,1
60003700017088,1
60003700017090,1
60003700017103,1
60003700017105,1
60003700017109,1
60003700017146,1
60003700017150,1
60003700005201,1
60003700005203,1
60003700005212,1
60003700017155,1
60003700005218,1
60003700005226,1
60003700005246,1
60003700005269,1
60003700005272,1
60003700005274,1
60003700005276,1
60003700005279,1
60003700005296,1
60003700005310,1
60003700005312,1
60003700005340,1
60003700005348,1
60003700005355,1
60003700025574,1
60003700025583,1
60003700005356,1
60003700005358,1
60003700005363,1
60003700025593,1
60003700027215,1
60003700025605,1
60003700025609,1
60003700025614,1
60003700025615,1
60003700025624,1
60003700005370,1
60003700025631,1
60003700025643,1
60003700005372,1
60003700005375,1
60003700005394,1
60003700005419,1
60003700005443,1
60003700005451,1
60003700005459,1
60003700005466,1
60003700005491,1
60003700005497,1
60003700025658,1
60003700025662,1
60003700005500,1
60003700005504,1
60003700005505,1
60003700005520,1
60003700005532,1
60003700005534,1
60003700005545,1
60003700005548,1
60003700005560,1
60003700005563,1
60003700005570,1
60003700005599,1
60003700005605,1
60003700005606,1
60003700005607,1
60003700005608,1
60003700005613,1
60003700005614,1
60003700005619,1
60003700005623,1
60003700005625,1
60003700005634,1
60003700005640,1
60003700005654,1
60003700005657,1
60003700005658,1
60003700025666,1
60003700005663,1
60003700005664,1
60003700005679,1
60003700005682,1
60003700005685,1
60003700005689,1
60003700005726,1
60003700005728,1
60003700005749,1
60003700005778,1
60003700005779,1
60003700005781,1
60003700005782,1
60003700005784,1
60003700005795,1
60003700005807,1
60003700005813,1
60003700005820,1
60003700025667,1
60003700025680,1
60003700025683,1
60003700005824,1
60003700005825,1
60003700005844,1
60003700005853,1
60003700005856,1
60003700005865,1
60003700005874,1
60003700005884,1
60003700005886,1
60003700005888,1
60003700005897,1
60003700005899,1
60003700005901,1
60003700005904,1
60003700005910,1
60003700005918,1
60003700005919,1
60003700005922,1
60003700005923,1
60003700005929,1
60003700005932,1
60003700005936,1
60003700005942,1
60003700005955,1
60003700005956,1
60003700005973,1
60003700005976,1
60003700005979,1
60003700005982,1
60003700006001,1
60003700006006,1
60003700006012,1
60003700025698,1
60003700025699,1
60003700006024,1
60003700006026,1
60003700006034,1
60003700006040,1
60003700006041,1
60003700006043,1
60003700006050,1
60003700006062,1
60003700006065,1
60003700006075,1
60003700006089,1
60003700006091,1
60003700006094,1
60003700006099,1
60003700006101,1
60003700006124,1
60003700006128,1
60003700006132,1
60003700006146,1
60003700006152,1
60003700006166,1
60003700006173,1
60003700006178,1
60003700006179,1
60003700006189,1
60003700006196,1
60003700006210,1
60003700006214,1
60003700006221,1
60003700006225,1
60003700006234,1
60003700006238,1
60003700006250,1
60003700006252,1
60003700006256,1
60003700006260,1
60003700006261,1
60003700006268,1
60003700006277,1
60003700006282,1
60003700006283,1
60003700006322,1
60003700006338,1
60003700006342,1
60003700006380,1
60003700006394,1
60003700006401,1
60003700006416,1
60003700006436,1
60003700006451,1
60003700006456,1
60003700006467,1
60003700006468,1
60003700006474,1
60003700006476,1
60003700006487,1
60003700006510,1
60003700006524,1
60003700006525,1
60003700006531,1
60003700006562,1
60003700006576,1
60003700006579,1
60003700006587,1
60003700006592,1
60003700006596,1
60003700006597,1
60003700027217,1
60003700027218,1
60003700027228,1
60003700027243,1
60003700027256,1
60003700027267,1
60003700027274,1
60003700027287,1
60003700027288,1
60003700027291,1
60003700027292,1
60003700027293,1
60003700027307,1
60003700027317,1
60003700027330,1
60003700027341,1
60003700027355,1
60003700027385,1
60003700027390,1
60003700027394,1
60003700027396,1
60003700027402,1
60003700027410,1
60003700027421,1
60003700027435,1
60003700027437,1
60003700027438,1
60003700027443,1
60003700027445,1
60003700027448,1
60003700006599,1
60003700006608,1
60003700006631,1
60003700006634,1
60003700006637,1
60003700006642,1
60003700006643,1
60003700006668,1
60003700006686,1
60003700006688,1
60003700006693,1
60003700006713,1
60003700006722,1
60003700006738,1
60003700006762,1
60003700006770,1
60003700006790,1
60003700006791,1
60003700006794,1
60003700006797,1
60003700006807,1
60003700027458,1
60003700006810,1
60003700006825,1
60003700006833,1
60003700006837,1
60003700006856,1
60003700006864,1
60003700006871,1
60003700006876,1
60003700006887,1
60003700006889,1
60003700006892,1
60003700006893,1
60003700006908,1
60003700006911,1
60003700006920,1
60003700006935,1
60003700006936,1
60003700006937,1
60003700006949,1
60003700006959,1
60003700027490,1
60003700027491,1
60003700027501,1
60003700027504,1
60003700027508,1
60003700027528,1
60003700027539,1
60003700027551,1
60003700027558,1
60003700027585,1
60003700027586,1
60003700027587,1
60003700027619,1
60003700006966,1
60003700006968,1
60003700007005,1
60003700007034,1
60003700007044,1
60003700007047,1
60003700007056,1
60003700007079,1
60003700027620,1
60003700027621,1
60003700007084,1
60003700007092,1
60003700007099,1
60003700007104,1
60003700007113,1
60003700007126,1
60003700007139,1
60003700007140,1
60003700007142,1
60003700007143,1
60003700007153,1
60003700007154,1
60003700007194,1
60003700007218,1
60003700007227,1
60003700007230,1
60003700007242,1
60003700007255,1
60003700007267,1
60003700007276,1
60003700027628,1
60003700007291,1
60003700007297,1
60003700007298,1
60003700007310,1
60003700007312,1
60003700007315,1
60003700007321,1
60003700007328,1
60003700007357,1
60003700007367,1
60003700007386,1
60003700007394,1
60003700007395,1
60003700007397,1
60003700007399,1
60003700007413,1
60003700007421,1
60003700007434,1
60003700027640,1
60003700027641,1
60003700027643,1
60003700027645,1
60003700027650,1
60003700027656,1
60003700007436,1
60003700027682,1
60003700027695,1
60003700027712,1
60003700027723,1
60003700027731,1
60003700027737,1
60003700007441,1
60003700007455,1
60003700007460,1
60003700007464,1
60003700007466,1
60003700007470,1
60003700007477,1
60003700007492,1
60003700007494,1
60003700007496,1
60003700007500,1
60003700007510,1
60003700007516,1
60003700027780,1
60003700027783,1
60003700027784,1
60003700027809,1
60003700027812,1
60003700027814,1
60003700027816,1
60003700027829,1
60003700027851,1
60003700027854,1
60003700027864,1
60003700027877,1
60003700007527,1
60003700007529,1
60003700007552,1
60003700007561,1
60003700007568,1
60003700007588,1
60003700027879,1
60003700027891,1
60003700027895,1
60003700027916,1
60003700027929,1
60003700027936,1
60003700027940,1
60003700027950,1
60003700027973,1
60003700027974,1
60003700027976,1
60003700007594,1
60003700007597,1
60003700007608,1
60003700027993,1
60003700028009,1
60003700007611,1
60003700007623,1
60003700007624,1
60003700007626,1
60003700007630,1
60003700007638,1
60003700007649,1
60003700007650,1
60003700007656,1
60003700028011,1
60003700007667,1
60003700007674,1
60003700007679,1
60003700007681,1
60003700007691,1
60003700007693,1
60003700007710,1
60003700007717,1
60003700007718,1
60003700007722,1
60003700007723,1
60003700007731,1
60003700007734,1
60003700007743,1
60003700028014,1
60003700007748,1
60003700007749,1
60003700007759,1
60003700007773,1
60003700007777,1
60003700007813,1
60003700007821,1
60003700028627,1
60003700028633,1
60003700028643,1
60003700007822,1
60003700007824,1
60003700007825,1
60003700007827,1
60003700007844,1
60003700007849,1
60003700007864,1
60003700007878,1
60003700007887,1
60003700007895,1
60003700007909,1
60003700007912,1
60003700007915,1
60003700007920,1
60003700007924,1
60003700007934,1
60003700007937,1
60003700007938,1
60003700028644,1
60003700028645,1
60003700028647,1
60003700028648,1
60003700007939,1
60003700007950,1
60003700028655,1
60003700028661,1
60003700007951,1
60003700028663,1
60003700028664,1
60003700028667,1
60003700007952,1
60003700007958,1
60003700007962,1
60003700007967,1
60003700028696,1
60003700007968,1
60003700028699,1
60003700028700,1
60003700007971,1
60003700007973,1
60003700007977,1
60003700028709,1
60003700028714,1
60003700028721,1
60003700007983,1
60003700007986,1
60003700028726,1
60003700028739,0
60003700028740,0
60003700028743,1
60003700028748,1
60003700028749,1
60003700028752,1
60003700028759,1
60003700028764,1
60003700028770,1
60003700028771,1
60003700028774,1
60003700028777,1
60003700028785,1
60003700028790,1
60003700028792,1
60003700028835,1
60003700028843,1
60003700028854,1
60003700028860,1
60003700028862,1
60003700028864,1
60003700028868,1
60003700028877,0
60003700028883,1
60003700028888,1
60003700028907,1
60003700028916,1
60003700028924,1
60003700028935,1
60003700028940,1
60003700028944,1
60003700028950,1
60003700028952,1
60003700028968,1
60003700028969,1
60003700028971,1
60003700028974,1
60003700028978,1
60003700028980,1
60003700028989,1
60003700028997,1
60003700029008,1
60003700029014,1
60003700029018,1
60003700029021,1
60003700029027,1
60003700029042,1
60003700029049,1
60003700028018,1
60003700028028,1
60003700028044,1
60003700007997,1
60003700029081,1
60003700029087,1
60003700029089,1
60003700029093,1
60003700029097,1
60003700029117,1
60003700007998,1
60003700008008,1
60003700008017,1
60003700029126,1
60003700029130,1
60003700029143,1
60003700029158,1
60003700029181,1
60003700008022,1
60003700029183,1
60003700029209,1
60003700008069,1
60003700008087,1
60003700008097,1
60003700008112,1
60003700008131,1
60003700008173,1
60003700028047,1
60003700028048,1
60003700029210,0
60003700029229,1
60003700029230,1
60003700029232,1
60003700029233,1
60003700029238,1
60003700029243,1
60003700029245,1
60003700029250,1
60003700029252,1
60003700029258,1
60003700029267,1
60003700029284,1
60003700029287,1
60003700029291,1
60003700029301,1
60003700029307,1
60003700029319,1
60003700029325,1
60003700029340,1
60003700029346,1
60003700029368,1
60003700029370,1
60003700029372,1
60003700029412,1
60003700029420,1
60003700029425,1
60003700029427,1
60003700029440,1
60003700029441,1
60003700028051,1
60003700029446,0
60003700029451,1
60003700029461,1
60003700029470,1
60003700029476,1
60003700029484,1
60003700029488,1
60003700029500,1
60003700029507,1
60003700029512,1
60003700029519,1
60003700029546,1
60003700029556,1
60003700029559,1
60003700029573,0
60003700029576,1
60003700029577,1
60003700029578,1
60003700029579,1
60003700029581,1
60003700029593,1
60003700029595,1
60003700029607,1
60003700029613,1
60003700029618,1
60003700029623,1
60003700029635,1
60003700029650,0
60003700029652,1
60003700029659,1
60003700029673,1
60003700029678,1
60003700029688,1
60003700029689,1
60003700029702,1
60003700029719,1
60003700029724,0
60003700029729,1
60003700029746,0
60003700029747,1
60003700029750,1
60003700008185,1
60003700008187,1
60003700008199,1
60003700008226,1
60003700008227,1
60003700008244,1
60003700008252,1
60003700008263,1
60003700008264,1
60003700008270,1
60003700008275,0
60003700008280,1
60003700008281,1
60003700008288,1
60003700008291,1
60003700008302,1
60003700008311,1
60003700008346,1
60003700008349,1
60003700008366,0
60003700008367,0
60003700008369,0
60003700008372,0
60003700008380,1
60003700008391,1
60003700008399,1
60003700008416,1
60003700008418,1
60003700008431,1
60003700008445,1
60003700008451,1
60003700008452,1
60003700008455,1
60003700008492,1
60003700008500,1
60003700008501,1
60003700008536,1
60003700008545,1
60003700008546,1
60003700008563,1
60003700008565,1
60003700008569,1
60003700008574,1
60003700008587,1
60003700008603,1
60003700008632,1
60003700008649,1
60003700008652,1
60003700008660,1
60003700008665,1
60003700008669,1
60003700008673,1
60003700008682,1
60003700008696,1
60003700008704,1
60003700008715,1
60003700008725,1
60003700008735,1
60003700008765,1
60003700008782,1
60003700028053,1
60003700028057,1
60003700028066,1
60003700028074,1
60003700028077,1
60003700028080,1
60003700028085,1
60003700028097,1
60003700028099,1
60003700029754,1
60003700029762,1
60003700029766,1
60003700029767,1
60003700029771,1
60003700028108,1
60003700028119,1
60003700028126,1
60003700028152,1
60003700028184,1
60003700028195,1
60003700028206,1
60003700028212,1
60003700028232,1
60003700028235,1
60003700008791,1
60003700028240,1
60003700028253,1
60003700008816,1
60003700008839,1
60003700008844,1
60003700008845,1
60003700008848,1
60003700008859,1
60003700008869,1
60003700008878,1
60003700008884,1
60003700008895,1
60003700008905,1
60003700008911,1
60003700008914,1
60003700008919,1
60003700008935,1
60003700008943,1
60003700008946,1
60003700008960,1
60003700008969,1
60003700008978,1
60003700008993,1
60003700008994,1
60003700008998,1
60003700009013,1
60003700009022,1
60003700009027,1
60003700009028,1
60003700009029,1
60003700009030,1
60003700009043,1
60003700009046,1
60003700009047,1
60003700009061,1
60003700029797,1
60003700029810,1
60003700029814,1
60003700029819,1
60003700029840,0
60003700029845,1
60003700029863,1
60003700029868,1
60003700029869,1
60003700029876,1
60003700009070,1
60003700029881,1
60003700029910,1
60003700029914,1
60003700029917,1
60003700029923,1
60003700029929,1
60003700029930,1
60003700029932,1
60003700029933,1
60003700029949,1
60003700029972,1
60003700029985,1
60003700009071,1
60003700029994,0
60003700029996,0
60003700030018,1
60003700030030,1
60003700030037,1
60003700030041,1
60003700030047,1
60003700030052,1
60003700030062,1
60003700030081,1
60003700030082,1
60003700030092,1
60003700030093,0
60003700030115,1
60003700030125,1
60003700030128,1
60003700030129,1
60003700030144,1
60003700030166,1
60003700009088,1
60003700009110,1
60003700009118,1
60003700009122,1
60003700009133,1
60003700009139,1
60003700009140,1
60003700009147,1
60003700009150,1
60003700009151,1
60003700009157,1
60003700009159,1
60003700009169,1
60003700009182,1
60003700009185,1
60003700009186,1
60003700009196,1
60003700009198,1
60003700009199,1
60003700009211,1
60003700009225,1
60003700009228,1
60003700009241,1
60003700009245,1
60003700009268,1
60003700009279,1
60003700009281,1
60003700009289,1
60003700009292,1
60003700009299,1
60003700009305,1
60003700009307,1
60003700009320,1
60003700030175,1
60003700030182,0
60003700009337,1
60003700009343,1
60003700009354,1
60003700030183,1
60003700009358,1
60003700009360,1
60003700009366,1
60003700009384,1
60003700030184,1
60003700030200,1
60003700030204,1
60003700030213,1
60003700030217,1
60003700030219,1
60003700030224,1
60003700030237,1
60003700009388,1
60003700009392,1
60003700009398,1
60003700009401,1
60003700009403,1
60003700030238,0
60003700030239,1
60003700030240,1
60003700009413,1
60003700030249,1
60003700030255,1
60003700030273,1
60003700030278,1
60003700030290,1
60003700030298,1
60003700030300,1
60003700009415,1
60003700030302,1
60003700030309,1
60003700030312,1
60003700030320,1
60003700030332,1
60003700030333,1
60003700030335,1
60003700030339,1
60003700009421,1
60003700009434,1
60003700009443,1
60003700009453,1
60003700009456,1
60003700009459,1
60003700009461,1
60003700009462,1
60003700009466,1
60003700000048,1
60003700000050,1
60003700000052,1
60003700000058,1
60003700000061,1
60003700000078,1
60003700000089,1
60003700000090,1
60003700000092,1
60003700000105,1
60003700000109,1
60003700000111,1
60003700000128,1
60003700000132,1
60003700000147,1
60003700000151,1
60003700000160,1
60003700000169,1
60003700000176,1
60003700009481,1
60003700000181,1
60003700000182,1
60003700000195,1
60003700000200,1
60003700000202,1
60003700000208,1
60003700000211,1
60003700000227,1
60003700000249,1
60003700000259,1
60003700000270,1
60003700000272,1
60003700000278,0
60003700000291,1
60003700000315,1
60003700000318,1
60003700000325,1
60003700000326,1
60003700000335,1
60003700000337,1
60003700000343,1
60003700000344,1
60003700000353,1
60003700000361,1
60003700000372,1
60003700000378,1
60003700000395,1
60003700000397,1
60003700000407,1
60003700000409,1
60003700000411,1
60003700000461,1
60003700000469,1
60003700000475,1
60003700000478,1
60003700000495,1
60003700000502,1
60003700000515,1
60003700000551,1
60003700000564,1
60003700000567,1
60003700000571,1
60003700028255,1
60003700000573,1
60003700000593,1
60003700000595,1
60003700000609,1
60003700000610,1
60003700000651,1
60003700000654,1
60003700000658,1
60003700000660,1
60003700000767,1
60003700000769,1
60003700000771,1
60003700000774,1
60003700000777,1
60003700000789,1
60003700000791,1
60003700000807,1
60003700000818,0
60003700000826,1
60003700000834,1
60003700000848,1
60003700000851,1
60003700000854,1
60003700000857,1
60003700000866,1
60003700000881,1
60003700000888,1
60003700000901,1
60003700000908,1
60003700000909,1
60003700000912,1
60003700000913,1
60003700000914,1
60003700000920,1
60003700000934,1
60003700000947,1
60003700000950,1
60003700000952,1
60003700000953,1
60003700000959,1
60003700000966,1
60003700000971,1
60003700000975,1
60003700001001,1
60003700001005,1
60003700001019,1
60003700001023,1
60003700001052,1
60003700001053,1
60003700001054,1
60003700001060,1
60003700001064,1
60003700001067,1
60003700001073,1
60003700001082,1
60003700001093,1
60003700001101,1
60003700001137,1
60003700001151,1
60003700001157,1
60003700001172,1
60003700001183,1
60003700001184,1
60003700001189,1
60003700001195,1
60003700001198,1
60003700001207,1
60003700001210,1
60003700001222,1
60003700001227,1
60003700001238,1
60003700001249,1
60003700001250,1
60003700001257,1
60003700001261,1
60003700001274,1
60003700001282,1
60003700001329,1
60003700001339,1
60003700001343,1
60003700001369,1
60003700001388,1
60003700001389,1
60003700001397,1
60003700001418,1
60003700001420,1
60003700001422,1
60003700001424,1
60003700001441,1
60003700001444,1
60003700001448,1
60003700001449,1
60003700001458,1
60003700001459,1
60003700001473,1
60003700001475,1
60003700001485,1
60003700001490,1
60003700001516,1
60003700001531,1
60003700001532,1
60003700001538,1
60003700001545,1
60003700001560,1
60003700001562,1
60003700001583,1
60003700001584,1
60003700001600,1
60003700001605,1
60003700001611,0
60003700001616,1
60003700001627,1
60003700001633,1
60003700001641,1
60003700001671,1
60003700001677,1
60003700001682,1
60003700001683,1
60003700001697,1
60003700001705,1
60003700001709,1
60003700001714,1
60003700001734,1
60003700001752,1
60003700001758,1
60003700001759,1
60003700001767,1
60003700001771,1
60003700001772,1
60003700001779,1
60003700001787,0
60003700001806,1
60003700001813,1
60003700001820,1
60003700001822,1
60003700001825,1
60003700001828,1
60003700001834,1
60003700001840,1
60003700001886,1
60003700001894,1
60003700001897,1
60003700001908,1
60003700001909,1
60003700001915,1
60003700001918,1
60003700001920,1
60003700001926,1
60003700001927,1
60003700001928,1
60003700001929,1
60003700001930,1
60003700001939,1
60003700001942,1
60003700001948,1
60003700001957,1
60003700001958,1
60003700001977,1
60003700001982,1
60003700001985,1
60003700001986,1
60003700028285,1
60003700028294,1
60003700028295,1
60003700028296,1
60003700001989,1
60003700002006,1
60003700028297,1
60003700002037,1
60003700002053,1
60003700002056,1
60003700002062,1
60003700028306,1
60003700002077,1
60003700002079,1
60003700028324,1
60003700002084,1
60003700002085,1
60003700002111,1
60003700002120,1
60003700002123,1
60003700002126,1
60003700002132,1
60003700028328,1
60003700002142,1
60003700002146,1
60003700028332,1
60003700002148,1
60003700002150,1
60003700002154,1
60003700002156,1
60003700002157,1
60003700002172,1
60003700002175,1
60003700002185,1
60003700002189,1
60003700002193,1
60003700002198,1
60003700002207,1
60003700002210,1
60003700002216,1
60003700002220,1
60003700002230,1
60003700028334,1
60003700002237,1
60003700002249,1
60003700002269,1
60003700002273,1
60003700002287,1
60003700002292,1
60003700002294,1
60003700002308,1
60003700002316,1
60003700002326,1
60003700002331,1
60003700002335,1
60003700002348,1
60003700002353,1
60003700002355,1
60003700002356,1
60003700002357,1
60003700002360,1
60003700002371,1
60003700030058,1
60003700030059,1
60003700030060,1
60003700030071,1
60003700030077,1
60003700030086,1
60003700030097,1
60003700030107,1
60003700030111,1
60003700030145,1
60003700030146,0
60003700030148,1
60003700030159,1
60003700030162,1
60003700030163,1
60003700030228,1
60003700030258,1
60003700030263,1
60003700030269,1
60003700030277,1
60003700001057,1
60003700001058,1
60003700001076,1
60003700001078,1
60003700001080,1
60003700001088,1
60003700001105,1
60003700001111,1
60003700001121,1
60003700001122,1
60003700001123,1
60003700001128,1
60003700001140,0
60003700001141,0
60003700001152,1
60003700001156,1
60003700001168,1
60003700001174,1
60003700017157,1
60003700017165,1
60003700017166,1
60003700017177,1
60003700017178,1
60003700017187,1
60003700017188,1
60003700017189,1
60003700017203,1
60003700017209,1
60003700017218,1
60003700017226,1
60003700017237,1
60003700017243,1
60003700017306,1
60003700017310,1
60003700017312,1
60003700017313,1
60003700017316,1
60003700017319,1
60003700017322,1
60003700017327,1
60003700017333,1
60003700017339,1
60003700017346,1
60003700017350,1
60003700017362,1
60003700017368,1
60003700017370,1
60003700017392,1
60003700017399,1
60003700017405,1
60003700017418,1
60003700017420,1
60003700017426,1
60003700017436,1
60003700017439,1
60003700017445,1
60003700017458,1
60003700017469,1
60003700017478,1
60003700017512,1
60003700017521,1
60003700017536,1
60003700017566,1
60003700017567,1
60003700017601,1
60003700017612,1
60003700017615,1
60003700017621,1
60003700017622,1
60003700017636,1
60003700001182,1
60003700001194,1
60003700001200,1
60003700001202,1
60003700001271,1
60003700001277,1
60003700001297,1
60003700030287,1
60003700030338,1
60003700001298,1
60003700001306,1
60003700001307,0
60003700001319,1
60003700001320,1
60003700001346,1
60003700001356,1
60003700001363,1
60003700001373,1
60003700001377,1
60003700001398,1
60003700001435,1
60003700026955,1
60003700026956,1
60003700026983,1
60003700026990,1
60003700026995,1
60003700026996,1
60003700027011,1
60003700027019,1
60003700027029,1
60003700027040,1
60003700027049,1
60003700027051,1
60003700027053,1
60003700027054,1
60003700027062,1
60003700027074,1
60003700027082,1
60003700027096,1
60003700027099,1
60003700027101,1
60003700027112,1
60003700027115,1
60003700027129,1
60003700027139,1
60003700027166,1
60003700027169,1
60003700027186,1
60003700027189,1
60003700027200,1
60003700027204,1
60003700027208,1
60003700027226,1
60003700027233,1
60003700027238,1
60003700027246,1
60003700027248,1
60003700027283,1
60003700027295,1
60003700027298,1
60003700027300,1
60003700027302,1
60003700027315,1
60003700027324,1
60003700027329,1
60003700027345,1
60003700027350,1
60003700027351,1
60003700027359,1
60003700027377,1
60003700027381,1
60003700027412,1
60003700027414,1
60003700027415,1
60003700027419,1
60003700027423,1
60003700027428,1
60003700027436,1
60003700027441,1
60003700027470,1
60003700027471,1
60003700027473,1
60003700027478,1
60003700027483,1
60003700027485,1
60003700027492,1
60003700027500,1
60003700027505,1
60003700027518,1
60003700027519,1
60003700027526,1
60003700027529,1
60003700027532,1
60003700027534,1
60003700027554,1
60003700027555,1
60003700027581,1
60003700027588,1
60003700027592,1
60003700027600,1
60003700027603,1
60003700027610,1
60003700027611,1
60003700027612,1
60003700027614,1
60003700027624,1
60003700027625,1
60003700027629,1
60003700027632,1
60003700027636,1
60003700027648,1
60003700027654,1
60003700027668,1
60003700027669,1
60003700027679,1
60003700027684,1
60003700027687,1
60003700027704,1
60003700027714,1
60003700027719,1
60003700027746,1
60003700027753,1
60003700027759,1
60003700027760,1
60003700027790,1
60003700027802,1
60003700027806,1
60003700027811,1
60003700027819,1
60003700027821,1
60003700027832,1
60003700027834,1
60003700027836,1
60003700027841,1
60003700027846,1
60003700027859,0
60003700027862,1
60003700027870,1
60003700027885,1
60003700027896,1
60003700027901,1
60003700027914,1
60003700027917,1
60003700027922,1
60003700027931,1
60003700027942,1
60003700027984,1
60003700027985,1
60003700027986,1
60003700027998,1
60003700028004,1
60003700028022,1
60003700028026,1
60003700028031,1
60003700028032,1
60003700028059,1
60003700028064,1
60003700028067,1
60003700028072,1
60003700028075,1
60003700028084,1
60003700028092,1
60003700028105,1
60003700028106,1
60003700028114,1
60003700028127,1
60003700028132,1
60003700028133,1
60003700028135,1
60003700028138,1
60003700028161,1
60003700028174,1
60003700028188,1
60003700028191,1
60003700028208,1
60003700028222,1
60003700028259,1
60003700028260,1
60003700028264,1
60003700028274,1
60003700028275,1
60003700028282,1
60003700028283,1
60003700028303,1
60003700028312,1
60003700028317,1
60003700028320,1
60003700028337,1
60003700028340,1
60003700028355,1
60003700028358,1
60003700028394,1
60003700028395,1
60003700028402,1
60003700028406,1
60003700028409,1
60003700028423,1
60003700028425,1
60003700028428,1
60003700028432,1
60003700028439,1
60003700028447,1
60003700028458,1
60003700028460,1
60003700028470,1
60003700028472,1
60003700028531,1
60003700028542,1
60003700028543,1
60003700028549,1
60003700028556,1
60003700028557,1
60003700028565,1
60003700028566,1
60003700028568,1
60003700028573,1
60003700028592,1
60003700028598,1
60003700028601,1
60003700028607,1
60003700028613,1
60003700029895,0
60003700029898,1
60003700029901,1
60003700029903,1
60003700029906,1
60003700029912,1
60003700029918,1
60003700029921,1
60003700029943,1
60003700029945,1
60003700029952,1
60003700029961,1
60003700029964,1
60003700029973,1
60003700029992,1
60003700030001,1
60003700030031,1
60003700030042,1
60003700017650,1
60003700017652,1
60003700030054,1
60003700017658,1
60003700017678,1
60003700030073,1
60003700017690,0
60003700017697,1
60003700017703,1
60003700017705,1
60003700017707,1
60003700017723,1
60003700017747,1
60003700017750,1
60003700017757,1
60003700017769,1
60003700017783,1
60003700017813,1
60003700017819,1
60003700017820,1
60003700017823,1
60003700030087,1
60003700030113,1
60003700030132,1
60003700017825,1
60003700017835,1
60003700030141,0
60003700030142,1
60003700017839,1
60003700017844,1
60003700017847,1
60003700017863,1
60003700017864,1
60003700017883,1
60003700017885,1
60003700017894,1
60003700017910,1
60003700017915,1
60003700017924,1
60003700017928,1
60003700017934,1
60003700017943,1
60003700017950,1
60003700017971,1
60003700017974,1
60003700017984,1
60003700017988,1
60003700017989,1
60003700017990,1
60003700017996,0
60003700017998,1
60003700017999,1
60003700018002,1
60003700018015,1
60003700018017,0
60003700018030,1
60003700018035,1
60003700018036,1
60003700018050,1
60003700018056,0
60003700018084,1
60003700018090,1
60003700018091,1
60003700018116,1
60003700018125,1
60003700018138,1
60003700018148,1
60003700018169,1
60003700018180,1
60003700018181,1
60003700018184,1
60003700018188,1
60003700018191,1
60003700018204,1
60003700018207,1
60003700018218,1
60003700018232,1
60003700018243,1
60003700018252,1
60003700018261,1
60003700018264,1
60003700018266,1
60003700018267,1
60003700018270,1
60003700018272,1
60003700018279,1
60003700018282,1
60003700018316,1
60003700018327,1
60003700018329,1
60003700018330,1
60003700018347,1
60003700018354,1
60003700018360,1
60003700018366,1
60003700018367,1
60003700018368,1
60003700018383,1
60003700018390,1
60003700018405,1
60003700018409,1
60003700018416,1
60003700018417,1
60003700018427,1
60003700018438,1
60003700018448,1
60003700018452,1
60003700018468,1
60003700018474,1
60003700018478,1
60003700018482,1
60003700018483,1
60003700018491,1
60003700018495,1
60003700018506,1
60003700018507,1
60003700018524,1
60003700018533,1
60003700018552,1
60003700018556,1
60003700018570,1
60003700018581,1
60003700018588,1
60003700018594,1
60003700018599,1
60003700018600,1
60003700018616,1
60003700018632,1
60003700018650,1
60003700018661,1
60003700018667,1
60003700018670,1
60003700018680,1
60003700018681,1
60003700030147,1
60003700030150,1
60003700030157,1
60003700030179,1
60003700030191,1
60003700030192,1
60003700030199,1
60003700030208,1
60003700030211,1
60003700030214,1
60003700030215,0
60003700030220,1
60003700030227,1
60003700030231,1
60003700030232,1
60003700030233,1
60003700018139,1
60003700018141,1
60003700018143,1
60003700018144,1
60003700030244,1
60003700030248,1
60003700018146,1
60003700018151,1
60003700018175,1
60003700018183,1
60003700018185,1
60003700018189,1
60003700018192,1
60003700018198,1
60003700030252,0
60003700030254,1
60003700030261,1
60003700030262,1
60003700030266,1
60003700030271,1
60003700018213,1
60003700018220,1
60003700018227,1
60003700018236,1
60003700030274,1
60003700018241,1
60003700018246,1
60003700018277,1
60003700018286,1
60003700018290,1
60003700018293,1
60003700018296,1
60003700018299,1
60003700018300,1
60003700018335,1
60003700018342,1
60003700018348,1
60003700018362,1
60003700018363,1
60003700018364,1
60003700028614,1
60003700028626,1
60003700028630,1
60003700028634,1
60003700028636,1
60003700028642,1
60003700028659,1
60003700028675,1
60003700028680,1
60003700028683,1
60003700028708,1
60003700028719,1
60003700028724,1
60003700028732,1
60003700028734,1
60003700028738,0
60003700028756,1
60003700028760,1
60003700028780,1
60003700028784,1
60003700028798,1
60003700028801,1
60003700028815,1
60003700028825,1
60003700028839,1
60003700028847,1
60003700028850,1
60003700028871,1
60003700028874,1
60003700028876,1
60003700028885,1
60003700028890,1
60003700028899,1
60003700028900,1
60003700028904,1
60003700028908,1
60003700028926,1
60003700028927,1
60003700028937,1
60003700028941,1
60003700028949,1
60003700028951,1
60003700028957,1
60003700028962,1
60003700028966,1
60003700028972,1
60003700028976,1
60003700028979,1
60003700028988,1
60003700028991,1
60003700028994,1
60003700029006,1
60003700029009,1
60003700029019,1
60003700029025,1
60003700030299,1
60003700030316,1
60003700029026,1
60003700030325,1
60003700030326,1
60003700030340,1
60003700000030,1
60003700000037,1
60003700000053,1
60003700018375,1
60003700018377,1
60003700018381,1
60003700000079,1
60003700000087,1
60003700000113,1
60003700018394,1
60003700018396,0
60003700018408,1
60003700000118,1
60003700018476,1
60003700000123,1
60003700000125,1
60003700018477,1
60003700018481,1
60003700018485,1
60003700000135,1
60003700000138,1
60003700000145,1
60003700000146,1
60003700000150,1
60003700000154,1
60003700000162,1
60003700000170,1
60003700000184,1
60003700000189,1
60003700000199,1
60003700000233,1
60003700000236,1
60003700000256,1
60003700000257,1
60003700000277,0
60003700000285,1
60003700000293,1
60003700000295,1
60003700000301,1
60003700000311,1
60003700000331,1
60003700000339,1
60003700018622,1
60003700018629,0
60003700018630,0
60003700018638,1
60003700018645,1
60003700018647,1
60003700018649,1
60003700018654,1
60003700018664,1
60003700018669,0
60003700018671,1
60003700018687,1
60003700000351,1
60003700000367,1
60003700000368,1
60003700000374,1
60003700000381,1
60003700018690,1
60003700018702,1
60003700018709,1
60003700018725,1
60003700018726,1
60003700018727,1
60003700018738,1
60003700018743,1
60003700018746,1
60003700018750,1
60003700018770,1
60003700018780,1
60003700018781,1
60003700018782,1
60003700018786,1
60003700018796,1
60003700018802,1
60003700000383,1
60003700000384,1
60003700018807,1
60003700018809,1
60003700018811,1
60003700018816,1
60003700018818,1
60003700018827,1
60003700018833,0
60003700018834,1
60003700018838,1
60003700018855,1
60003700018860,1
60003700018862,1
60003700018865,1
60003700018877,1
60003700018888,1
60003700018904,1
60003700018912,1
60003700018913,1
60003700018914,1
60003700018915,1
60003700018936,1
60003700018953,1
60003700018961,1
60003700018973,1
60003700018975,1
60003700018985,1
60003700018988,1
60003700018993,1
60003700019000,1
60003700019001,1
60003700019025,1
60003700019027,1
60003700019037,1
60003700019104,1
60003700019117,1
60003700019121,1
60003700019122,1
60003700019133,1
60003700019142,1
60003700019165,1
60003700019181,1
60003700019204,1
60003700019226,1
60003700019231,1
60003700019249,1
60003700019252,1
60003700019255,1
60003700019263,1
60003700019278,1
60003700019280,1
60003700019298,1
60003700019301,1
60003700019302,1
60003700019309,1
60003700019345,1
60003700019348,1
60003700019351,1
60003700019356,1
60003700019362,1
60003700019375,1
60003700019387,1
60003700019397,1
60003700000387,1
60003700000389,1
60003700000406,1
60003700000426,1
60003700000427,1
60003700000431,1
60003700000444,1
60003700000445,1
60003700000449,1
60003700000462,1
60003700000463,1
60003700000488,1
60003700000497,1
60003700000498,1
60003700000500,1
60003700000509,1
60003700000511,1
60003700000512,1
60003700000520,1
60003700000527,1
60003700000528,1
60003700000532,1
60003700000546,1
60003700000548,1
60003700000552,1
60003700000563,1
60003700000581,1
60003700000582,1
60003700000583,1
60003700000603,1
60003700000605,1
60003700000611,1
60003700000616,1
60003700000617,1
60003700000627,1
60003700000720,1
60003700029034,1
60003700029040,1
60003700029043,1
60003700000725,1
60003700000726,1
60003700029051,1
60003700029068,1
60003700029072,1
60003700029074,1
60003700029077,1
60003700000729,1
60003700000735,1
60003700000739,1
60003700000745,1
60003700000753,1
60003700000756,1
60003700000768,1
60003700000783,1
60003700000786,1
60003700029083,1
60003700000796,1
60003700000820,1
60003700000822,1
60003700000844,1
60003700000871,1
60003700000875,1
60003700029084,1
60003700029107,1
60003700029120,0
60003700000878,1
60003700000884,1
60003700000904,1
60003700000910,1
60003700000918,1
60003700000981,1
60003700000997,1
60003700001003,1
60003700001006,1
60003700001020,1
60003700029150,1
60003700029170,0
60003700029173,1
60003700029175,1
60003700029189,1
60003700029300,1
60003700029317,1
60003700029327,1
60003700029334,1
60003700029338,1
60003700029343,1
60003700029350,1
60003700029355,1
60003700029369,1
60003700029379,1
60003700029386,1
60003700029401,1
60003700029407,1
60003700029437,1
60003700029443,1
60003700001046,1
60003700029445,1
60003700029448,1
60003700029455,1
60003700029456,1
60003700029457,1
60003700029465,1
60003700029471,0
60003700029478,1
60003700029479,1
60003700029486,1
60003700029495,1
60003700029503,1
60003700029508,1
60003700029513,1
60003700029515,1
60003700029517,1
60003700029518,1
60003700029521,1
60003700029542,1
60003700029563,1
60003700029564,1
60003700029572,1
60003700029596,1
60003700029603,1
60003700029619,1
60003700029628,1
60003700029629,1
60003700029645,1
60003700029647,1
60003700029657,1
60003700029660,0
60003700029666,1
60003700029674,1
60003700029687,1
60003700029691,1
60003700029706,1
60003700029711,1
60003700029716,1
60003700029721,1
60003700029733,1
60003700029749,1
60003700029755,1
60003700029768,1
60003700029769,1
60003700029772,1
60003700029794,1
60003700029803,1
60003700029822,1
60003700029823,1
60003700029827,1
60003700029913,1
60003700029925,1
60003700029927,0
60003700029941,1
60003700029951,1
60003700029958,1
60003700029960,1
60003700029962,1
60003700029965,1
60003700029974,1
60003700029976,1
60003700029978,1
60003700029981,1
60003700029990,1
60003700029991,1
60003700029993,1
60003700029997,1
60003700030012,1
60003700030017,1
60003700030024,1
60003700030027,1
60003700030034,1
60003700030043,1
60003700030046,1
60003700030049,1
60003700030050,1
60003700019695,1
60003700019696,1
60003700019697,1
60003700019701,1
60003700019705,1
60003700019713,1
60003700019718,1
60003700019719,0
60003700019724,1
60003700019730,1
60003700019738,1
60003700019743,1
60003700019506,1
60003700019508,1
60003700019517,1
60003700019525,1
60003700019744,1
60003700019748,1
60003700019846,1
60003700019851,1
60003700019528,1
60003700019542,1
60003700019553,1
60003700019558,1
60003700019573,1
60003700019590,1
60003700019594,1
60003700019596,1
60003700019607,1
60003700019623,0
60003700019635,1
60003700019638,1
60003700019645,1
60003700019648,1
60003700019652,1
60003700019659,1
60003700019671,1
60003700019675,1
60003700019421,1
60003700019429,1
60003700019431,1
60003700019432,1
60003700019450,1
60003700019453,1
60003700019468,1
60003700019470,1
60003700019484,1
60003700019492,1
60003700019502,1
60003700019680,1
60003700019694,1
60003700019948,1
60003700019954,1
60003700019968,1
60003700019981,1
60003700019993,1
60003700020038,1
60003700020040,1
60003700020043,1
60003700020050,1
60003700020051,1
60003700020058,1
60003700020066,1
60003700020068,1
60003700020075,1
60003700020087,1
60003700020088,1
60003700019015,1
60003700019021,1
60003700019022,1
60003700019026,1
60003700019030,1
60003700019034,1
60003700019035,1
60003700019054,1
60003700019056,1
60003700019079,1
60003700019092,1
60003700019098,1
60003700019126,0
60003700019137,1
60003700019147,1
60003700019159,1
60003700019168,1
60003700019187,1
60003700019213,1
60003700019217,1
60003700019222,1
60003700019224,0
60003700019237,1
60003700019238,1
60003700019251,1
60003700019259,1
60003700019260,1
60003700019284,1
60003700001924,1
60003700001936,1
60003700001941,1
60003700001949,1
60003700001950,1
60003700001951,1
60003700001953,0
60003700001954,1
60003700001969,1
60003700001981,1
60003700001994,1
60003700001997,1
60003700001999,1
60003700002003,1
60003700002013,1
60003700002019,1
60003700002026,1
60003700002027,1
60003700002031,1
60003700002032,1
60003700002036,1
60003700002039,1
60003700002040,1
60003700002047,1
60003700002058,1
60003700002069,1
60003700002071,1
60003700002087,1
60003700002097,1
60003700002101,1
60003700002104,1
60003700002107,1
60003700002127,1
60003700002128,1
60003700002139,1
60003700002144,1
60003700002167,1
60003700002171,1
60003700002182,0
60003700002183,0
60003700002188,1
60003700002196,1
60003700002199,1
60003700002215,1
60003700002234,1
60003700002248,1
60003700002260,1
60003700002270,1
60003700002337,1
60003700002349,1
60003700002358,1
60003700002361,1
60003700002362,1
60003700002373,1
60003700002374,1
60003700002393,1
60003700002396,1
60003700001293,1
60003700001295,1
60003700001302,1
60003700001305,1
60003700001313,1
60003700001318,1
60003700001325,1
60003700001336,1
60003700001340,1
60003700001362,1
60003700001375,1
60003700001381,1
60003700002402,1
60003700002403,1
60003700002408,1
60003700002412,1
60003700001385,1
60003700001394,1
60003700001410,1
60003700001415,1
60003700001421,1
60003700001433,1
60003700001436,1
60003700001460,1
60003700001479,1
60003700001480,1
60003700001486,1
60003700001487,1
60003700001494,1
60003700001501,1
60003700001507,1
60003700001513,1
60003700001521,1
60003700001536,1
60003700001544,1
60003700001572,1
60003700001575,1
60003700001576,1
60003700001588,1
60003700001591,1
60003700001596,1
60003700001598,1
60003700001636,1
60003700001638,1
60003700001648,1
60003700001650,1
60003700001651,1
60003700001673,1
60003700001738,1
60003700001755,1
60003700001757,1
60003700001766,1
60003700001768,1
60003700001775,1
60003700001778,1
60003700001793,1
60003700001809,1
60003700001810,1
60003700001831,1
60003700001833,1
60003700001853,1
60003700001857,1
60003700001859,1
60003700001860,1
60003700001864,1
60003700001868,1
60003700001871,1
60003700001876,1
60003700001881,1
60003700001890,1
60003700001892,1
60003700001898,1
60003700001901,1
60003700001903,1
60003700001914,1
60003700002839,1
60003700002853,1
60003700002859,1
60003700002881,1
60003700002884,1
60003700002888,1
60003700002905,1
60003700002920,1
60003700002927,1
60003700002931,1
60003700002938,1
60003700002427,1
60003700002431,1
60003700002436,1
60003700002442,1
60003700002452,1
60003700002457,1
60003700002495,1
60003700002502,1
60003700002511,1
60003700002512,1
60003700002520,1
60003700002422,1
60003700002521,1
60003700002527,1
60003700002533,1
60003700002536,1
60003700002540,1
60003700002570,1
60003700002576,1
60003700002578,1
60003700002598,1
60003700002600,1
60003700002611,1
60003700002719,1
60003700002721,1
60003700002731,1
60003700002739,1
60003700002743,1
60003700002782,1
60003700002785,1
60003700002789,1
60003700002799,1
60003700002801,1
60003700002811,1
60003700002812,1
60003700002813,1
60003700002821,1
60003700002827,1
60003700002832,1
60003700002836,1
60003700002837,1
60003700019471,1
60003700019473,1
60003700019493,1
60003700019513,1
60003700019527,1
60003700019534,1
60003700019538,1
60003700019543,1
60003700019552,1
60003700019555,1
60003700019568,1
60003700019569,1
60003700019570,1
60003700019572,1
60003700019575,1
60003700019576,1
60003700019593,1
60003700019599,1
60003700019610,1
60003700019611,1
60003700019613,1
60003700019627,1
60003700019630,1
60003700019631,1
60003700019640,1
60003700019647,1
60003700019653,1
60003700019658,1
60003700019663,1
60003700019666,1
60003700019676,1
60003700019677,1
60003700019692,1
60003700019706,1
60003700019708,1
60003700019711,1
60003700019410,1
60003700019416,1
60003700019437,1
60003700019439,1
60003700019441,1
60003700019448,1
60003700019460,0
60003700020657,1
60003700019715,1
60003700019723,1
60003700019725,1
60003700019726,1
60003700019736,1
60003700019746,1
60003700019747,1
60003700019755,1
60003700019836,1
60003700019852,1
60003700019853,1
60003700019934,1
60003700019940,1
60003700019949,1
60003700019972,1
60003700019983,1
60003700020004,1
60003700020005,1
60003700020006,1
60003700020016,1
60003700020035,1
60003700020065,1
60003700020091,1
60003700020093,1
60003700020103,1
60003700020123,1
60003700020140,1
60003700020150,1
60003700020161,1
60003700020179,1
60003700020204,1
60003700020205,1
60003700020215,1
60003700020217,1
60003700020246,1
60003700020251,1
60003700020259,1
60003700020260,1
60003700020261,1
60003700020267,1
60003700020272,1
60003700020284,1
60003700020289,1
60003700020290,1
60003700020311,1
60003700020318,1
60003700020321,1
60003700020323,1
60003700020333,1
60003700020352,1
60003700020362,1
60003700020365,1
60003700020367,1
60003700020369,1
60003700020378,1
60003700020384,1
60003700020400,1
60003700020408,1
60003700020412,1
60003700020415,1
60003700020424,1
60003700020437,1
60003700020460,1
60003700020466,1
60003700020470,1
60003700020473,1
60003700020480,1
60003700020483,1
60003700020486,1
60003700020497,1
60003700020499,1
60003700020513,1
60003700020549,1
60003700020582,1
60003700020586,1
60003700020594,1
60003700020595,1
60003700020613,1
60003700020630,1
60003700020631,1
60003700020635,1
60003700020640,1
60003700020646,1
60003700020835,1
60003700020837,1
60003700020843,1
60003700018691,1
60003700018699,1
60003700018723,1
60003700018745,1
60003700018753,0
60003700018760,1
60003700018773,1
60003700018798,1
60003700018805,1
60003700018812,1
60003700018815,1
60003700018817,1
60003700018825,1
60003700018831,1
60003700018846,1
60003700018854,1
60003700018892,1
60003700018893,1
60003700018907,1
60003700018910,1
60003700018926,1
60003700018940,1
60003700018958,1
60003700018960,1
60003700018969,1
60003700018977,1
60003700018980,1
60003700018981,1
60003700018986,1
60003700018990,1
60003700019304,1
60003700019324,1
60003700019326,1
60003700019327,1
60003700019328,1
60003700019334,1
60003700019335,1
60003700019363,1
60003700019369,1
60003700019391,1
60003700019401,1
60003700020741,1
60003700020766,1
60003700020775,1
60003700020785,1
60003700020805,1
60003700020806,1
60003700020810,1
60003700020816,1
60003700020820,1
60003700020823,1
60003700020832,1
60003700020163,0
60003700020170,1
60003700020176,1
60003700020182,1
60003700020196,1
60003700020224,1
60003700020225,1
60003700020851,1
60003700020857,1
60003700020913,1
60003700020928,1
60003700020932,1
60003700020948,1
60003700020954,1
60003700020955,1
60003700020957,1
60003700020960,1
60003700020970,1
60003700020972,1
60003700020984,1
60003700020987,1
60003700021002,1
60003700021003,1
60003700021006,1
60003700021008,1
60003700021015,1
60003700021017,1
60003700021018,1
60003700021028,1
60003700021030,1
60003700021080,1
60003700021082,1
60003700021110,1
60003700021114,1
60003700021126,1
60003700021142,1
60003700020090,1
60003700020096,1
60003700020102,1
60003700020112,1
60003700020114,1
60003700020115,1
60003700020125,1
60003700020135,1
60003700020152,1
60003700020154,1
60003700020159,1
60003700021379,1
60003700021383,1
60003700021388,1
60003700021404,1
60003700021424,1
60003700021434,1
60003700021436,1
60003700021437,1
60003700021442,1
60003700021453,1
60003700021459,1
60003700021462,1
60003700021464,1
60003700021471,1
60003700021472,1
60003700021479,1
60003700021491,1
60003700021492,1
60003700021497,1
60003700021499,1
60003700021501,1
60003700021503,1
60003700021513,1
60003700021535,1
60003700021536,1
60003700021552,1
60003700021581,1
60003700021590,1
60003700021595,1
60003700021596,1
60003700021609,1
60003700021617,1
60003700021621,1
60003700021634,1
60003700021635,1
60003700021665,1
60003700021669,1
60003700021677,1
60003700021680,1
60003700021681,1
60003700021702,1
60003700021706,1
60003700021725,1
60003700021743,1
60003700021748,1
60003700021757,1
60003700021765,1
60003700021770,1
60003700021771,1
60003700021798,1
60003700021799,1
60003700021807,1
60003700021809,1
60003700019240,1
60003700019242,1
60003700019243,1
60003700019254,1
60003700019256,1
60003700019262,1
60003700019266,1
60003700019269,1
60003700019271,1
60003700019272,1
60003700019290,1
60003700019292,1
60003700019295,1
60003700019299,1
60003700019320,1
60003700019329,1
60003700019346,1
60003700019353,1
60003700019370,1
60003700019412,1
60003700019419,1
60003700019443,1
60003700019446,1
60003700019447,1
60003700019455,1
60003700019459,1
60003700019463,1
60003700019489,1
60003700019491,0
60003700019494,1
60003700019498,1
60003700019500,1
60003700019504,1
60003700019510,1
60003700019512,1
60003700019514,1
60003700019529,1
60003700019531,1
60003700019536,1
60003700019561,1
60003700019563,1
60003700019564,1
60003700019578,0
60003700019588,1
60003700019608,1
60003700021825,1
60003700021827,1
60003700021837,1
60003700021841,1
60003700021846,1
60003700021861,1
60003700021862,1
60003700021889,1
60003700021890,1
60003700021892,1
60003700021898,1
60003700018996,1
60003700018998,1
60003700019003,1
60003700019005,1
60003700019006,1
60003700019009,1
60003700019012,1
60003700019024,1
60003700019047,1
60003700019053,1
60003700019055,1
60003700019060,1
60003700021899,1
60003700021924,0
60003700021929,1
60003700021933,1
60003700019063,1
60003700019067,1
60003700019080,1
60003700021958,1
60003700019081,1
60003700019091,1
60003700019096,1
60003700019109,1
60003700019110,1
60003700019112,1
60003700019127,1
60003700019135,1
60003700019141,1
60003700019143,0
60003700019157,1
60003700019160,1
60003700019163,1
60003700019164,1
60003700019169,1
60003700019176,0
60003700019194,1
60003700019198,1
60003700019207,1
60003700021143,1
60003700021144,1
60003700021147,1
60003700021160,1
60003700021164,1
60003700021165,1
60003700021177,1
60003700021178,1
60003700021195,1
60003700021202,1
60003700021214,1
60003700021233,1
60003700021238,1
60003700021243,1
60003700021248,1
60003700021261,1
60003700021263,1
60003700021274,1
60003700021280,1
60003700019615,1
60003700019637,1
60003700019646,1
60003700019656,1
60003700021284,0
60003700021288,1
60003700021291,1
60003700021299,1
60003700021304,1
60003700021311,1
60003700021317,1
60003700019233,1
60003700021319,1
60003700021323,1
60003700021326,1
60003700021334,1
60003700021338,1
60003700021340,1
60003700021377,1
60003700004641,1
60003700004642,1
60003700004654,1
60003700004663,1
60003700004666,1
60003700004673,1
60003700004683,1
60003700004693,1
60003700004720,1
60003700004724,1
60003700004736,1
60003700004737,1
60003700004741,1
60003700004746,1
60003700004753,1
60003700004757,1
60003700020748,1
60003700004772,1
60003700004787,1
60003700004797,1
60003700004804,1
60003700004825,1
60003700004828,1
60003700004846,1
60003700004849,1
60003700004852,1
60003700004865,1
60003700004871,1
60003700004879,1
60003700004895,1
60003700004910,1
60003700004929,1
60003700004934,1
60003700004936,1
60003700004939,1
60003700004964,1
60003700004965,1
60003700004976,1
60003700004978,1
60003700004980,1
60003700004987,1
60003700004989,1
60003700004991,1
60003700004992,1
60003700005022,1
60003700005023,1
60003700020846,1
60003700020860,1
60003700020868,1
60003700020879,1
60003700020893,1
60003700020900,0
60003700020902,1
60003700020909,1
60003700020917,1
60003700020927,1
60003700020929,1
60003700005025,1
60003700005056,1
60003700005059,1
60003700005062,1
60003700005066,1
60003700005067,1
60003700005068,1
60003700005071,1
60003700005080,1
60003700005081,1
60003700005091,1
60003700005097,1
60003700005104,1
60003700005111,1
60003700005118,1
60003700005127,1
60003700005130,1
60003700005143,1
60003700005146,1
60003700005154,1
60003700005202,1
60003700005205,1
60003700005211,1
60003700005239,1
60003700005248,1
60003700005253,1
60003700005259,1
60003700005268,1
60003700005273,1
60003700005300,1
60003700005306,1
60003700005313,1
60003700005314,1
60003700005325,1
60003700005332,1
60003700005338,1
60003700005349,1
60003700005365,1
60003700005367,1
60003700005368,1
60003700005403,1
60003700005407,1
60003700005409,1
60003700005412,1
60003700005413,1
60003700005421,1
60003700005423,1
60003700005426,1
60003700005428,1
60003700005447,1
60003700005449,1
60003700005453,1
60003700005460,1
60003700005464,1
60003700005484,1
60003700005487,1
60003700005495,1
60003700005518,1
60003700005547,1
60003700005551,1
60003700005567,1
60003700005618,1
60003700005637,1
60003700005642,1
60003700005652,1
60003700005653,1
60003700005666,1
60003700005673,1
60003700005684,1
60003700005693,1
60003700005695,1
60003700005700,1
60003700005712,1
60003700005716,1
60003700005717,1
60003700005724,1
60003700005752,1
60003700005772,1
60003700005777,1
60003700005783,1
60003700005786,1
60003700005793,1
60003700005802,1
60003700005803,1
60003700005823,1
60003700005828,1
60003700005835,1
60003700005838,1
60003700005850,1
60003700005852,1
60003700005858,1
60003700005866,1
60003700005870,1
60003700005871,1
60003700005879,1
60003700005911,1
60003700005912,1
60003700005914,1
60003700005915,1
60003700005928,1
60003700005944,1
60003700005946,1
60003700005977,1
60003700005990,1
60003700006004,1
60003700006014,1
60003700006018,1
60003700006032,1
60003700006042,1
60003700006056,1
60003700006057,1
60003700006059,1
60003700006068,1
60003700006072,1
60003700006086,1
60003700006087,1
60003700006088,1
60003700006093,1
60003700006120,1
60003700020938,1
60003700020953,1
60003700020956,1
60003700020974,1
60003700020975,1
60003700020977,1
60003700020982,1
60003700006133,1
60003700006139,1
60003700006151,1
60003700006157,1
60003700006177,1
60003700006181,1
60003700006191,1
60003700006198,1
60003700006200,1
60003700006205,1
60003700006208,1
60003700006209,1
60003700006230,1
60003700006232,1
60003700006237,1
60003700006245,1
60003700006265,1
60003700006276,1
60003700006281,1
60003700006289,1
60003700006306,1
60003700006317,1
60003700006332,1
60003700006337,1
60003700006339,1
60003700021000,1
60003700021076,1
60003700021083,1
60003700021096,1
60003700021102,1
60003700021108,1
60003700021115,1
60003700021128,1
60003700021129,0
60003700021133,1
60003700021138,1
60003700021146,1
60003700021148,1
60003700021159,1
60003700021166,1
60003700021174,1
60003700021210,1
60003700021215,1
60003700021227,1
60003700021232,1
60003700021240,1
60003700021241,1
60003700021260,1
60003700021281,1
60003700021298,1
60003700021306,1
60003700021308,1
60003700006348,1
60003700006349,1
60003700006361,1
60003700006362,1
60003700021342,1
60003700006368,1
60003700006370,1
60003700006390,1
60003700006392,1
60003700006395,1
60003700006400,1
60003700006408,1
60003700006410,1
60003700006418,1
60003700006420,1
60003700006425,1
60003700006434,1
60003700006441,1
60003700006450,1
60003700006461,1
60003700021344,1
60003700021351,1
60003700021352,1
60003700021357,1
60003700021367,1
60003700021392,1
60003700021961,1
60003700021962,1
60003700021966,1
60003700021967,1
60003700021397,1
60003700021405,1
60003700021407,1
60003700021408,1
60003700021409,1
60003700021428,1
60003700021445,1
60003700021451,1
60003700021457,1
60003700021463,1
60003700021470,1
60003700021587,1
60003700021592,1
60003700021611,1
60003700021614,1
60003700021624,1
60003700021637,1
60003700021649,1
60003700021659,1
60003700021663,1
60003700021668,1
60003700021714,1
60003700021724,1
60003700021728,1
60003700021734,1
60003700021741,1
60003700021742,1
60003700021764,1
60003700021769,1
60003700021775,1
60003700021780,1
60003700021783,1
60003700021788,1
60003700021801,1
60003700021815,1
60003700006925,1
60003700006928,1
60003700006929,1
60003700006932,1
60003700006941,1
60003700006945,1
60003700006952,1
60003700006961,1
60003700006970,1
60003700006983,1
60003700021820,1
60003700021848,1
60003700021855,1
60003700021856,1
60003700021863,1
60003700021866,1
60003700021875,1
60003700021885,1
60003700021887,1
60003700021901,1
60003700021914,1
60003700021928,1
60003700021932,1
60003700006989,1
60003700007002,1
60003700007008,1
60003700007010,1
60003700007013,1
60003700007032,1
60003700007033,1
60003700007038,1
60003700021941,1
60003700021959,1
60003700021972,1
60003700021986,1
60003700021987,1
60003700021991,1
60003700022003,1
60003700022004,1
60003700022006,1
60003700022018,1
60003700007063,1
60003700007078,1
60003700007081,1
60003700007094,1
60003700007098,1
60003700007105,1
60003700007108,1
60003700007109,1
60003700007127,1
60003700007131,1
60003700007149,1
60003700007160,1
60003700007176,1
60003700007183,1
60003700007185,1
60003700007191,1
60003700007195,1
60003700007197,1
60003700007212,1
60003700007214,1
60003700007236,1
60003700007237,1
60003700007240,1
60003700007241,1
60003700007244,1
60003700007247,1
60003700007257,1
60003700007268,1
60003700007275,1
60003700007283,1
60003700006465,1
60003700006472,1
60003700006483,1
60003700006491,1
60003700006493,1
60003700006494,1
60003700006501,1
60003700006506,1
60003700006513,1
60003700006527,1
60003700006535,1
60003700006537,1
60003700006543,1
60003700006584,1
60003700006598,1
60003700006603,1
60003700006607,1
60003700006609,1
60003700006618,1
60003700006630,1
60003700006651,1
60003700006652,1
60003700006656,1
60003700006657,1
60003700006661,1
60003700006685,1
60003700006691,1
60003700006696,1
60003700006697,1
60003700006699,1
60003700006700,1
60003700006701,1
60003700006714,1
60003700006721,1
60003700006724,1
60003700006725,1
60003700006726,1
60003700006727,1
60003700006739,1
60003700006741,1
60003700006748,1
60003700006749,1
60003700006750,1
60003700006753,1
60003700006756,1
60003700006766,1
60003700006792,1
60003700006796,1
60003700006819,1
60003700006823,1
60003700006826,1
60003700006827,1
60003700006847,1
60003700006861,1
60003700006869,1
60003700006874,1
60003700003205,1
60003700003208,1
60003700003221,1
60003700003227,1
60003700003229,1
60003700003233,1
60003700003235,1
60003700003246,1
60003700003252,1
60003700003254,1
60003700003272,1
60003700003273,1
60003700003282,1
60003700003296,1
60003700003310,1
60003700003311,1
60003700003321,1
60003700003322,1
60003700003351,1
60003700003354,1
60003700003356,1
60003700003360,1
60003700003362,1
60003700003368,1
60003700003381,1
60003700003383,1
60003700003401,1
60003700003437,1
60003700003446,1
60003700003452,1
60003700003465,1
60003700003469,1
60003700003473,1
60003700003486,1
60003700003501,1
60003700003506,1
60003700003509,1
60003700003541,1
60003700006875,1
60003700006885,1
60003700006890,1
60003700006895,1
60003700006899,1
60003700006910,1
60003700006924,1
60003700003551,1
60003700003553,1
60003700003554,1
60003700003559,1
60003700003570,1
60003700003582,1
60003700003616,1
60003700003618,1
60003700003621,1
60003700003622,1
60003700003637,1
60003700003639,1
60003700003644,1
60003700003645,1
60003700003654,1
60003700003655,1
60003700003657,1
60003700003659,1
60003700003671,1
60003700003672,1
60003700003674,1
60003700003681,1
60003700003682,1
60003700003690,1
60003700003692,1
60003700003695,1
60003700003698,1
60003700003702,1
60003700003711,1
60003700003724,1
60003700003729,1
60003700003731,1
60003700003732,1
60003700020239,1
60003700020247,1
60003700020252,1
60003700020254,1
60003700020436,1
60003700020438,1
60003700020442,1
60003700003737,1
60003700003744,1
60003700003746,1
60003700003755,1
60003700003768,1
60003700003772,1
60003700003783,1
60003700003786,1
60003700003788,1
60003700003792,1
60003700003793,1
60003700003799,1
60003700003806,1
60003700003813,1
60003700003821,1
60003700003832,1
60003700003841,1
60003700003843,1
60003700003848,0
60003700003861,1
60003700003867,1
60003700003869,1
60003700003881,1
60003700003894,1
60003700003905,1
60003700003906,1
60003700003918,1
60003700003927,1
60003700003936,1
60003700003949,1
60003700003952,1
60003700003967,1
60003700003974,1
60003700003976,1
60003700003979,1
60003700003986,1
60003700004012,1
60003700004013,1
60003700004033,1
60003700004036,1
60003700004038,1
60003700004045,1
60003700004051,1
60003700004052,1
60003700020504,1
60003700020516,1
60003700020523,1
60003700020529,1
60003700020531,1
60003700020532,1
60003700020540,1
60003700020541,1
60003700020542,1
60003700020543,1
60003700020552,1
60003700020553,1
60003700020565,1
60003700020571,1
60003700020574,1
60003700020622,1
60003700020623,1
60003700004062,1
60003700004096,1
60003700004101,1
60003700004111,1
60003700004119,1
60003700004123,1
60003700004128,1
60003700004130,0
60003700004135,1
60003700004146,1
60003700004155,1
60003700004161,1
60003700004164,1
60003700004172,1
60003700004176,1
60003700004196,0
60003700004206,1
60003700004215,1
60003700004227,1
60003700004228,1
60003700004235,1
60003700004236,1
60003700004238,1
60003700004250,1
60003700004255,1
60003700004256,1
60003700020628,1
60003700020639,1
60003700020642,1
60003700020649,0
60003700020656,1
60003700020668,0
60003700020674,1
60003700020681,1
60003700020684,1
60003700020701,1
60003700004259,1
60003700004260,1
60003700004271,1
60003700004272,1
60003700004274,1
60003700004296,1
60003700004304,1
60003700004306,1
60003700004311,1
60003700004320,1
60003700004321,1
60003700004325,1
60003700004326,1
60003700004340,1
60003700004348,1
60003700004349,1
60003700004358,1
60003700020703,1
60003700004368,1
60003700004378,1
60003700004383,1
60003700004386,1
60003700004387,1
60003700004394,1
60003700004395,1
60003700004399,1
60003700004406,1
60003700004411,1
60003700004426,1
60003700020712,1
60003700020714,1
60003700020716,1
60003700020720,1
60003700020726,1
60003700020727,1
60003700020728,1
60003700020733,1
60003700004434,1
60003700004442,1
60003700004443,1
60003700004453,1
60003700004455,1
60003700004462,1
60003700004468,1
60003700004472,1
60003700004503,1
60003700004507,1
60003700004524,1
60003700004531,1
60003700004532,1
60003700004535,1
60003700004556,1
60003700004564,1
60003700004568,1
60003700004582,1
60003700004587,1
60003700004590,1
60003700004594,1
60003700004599,1
60003700004601,1
60003700004604,1
60003700004607,1
60003700004619,1
60003700004625,1
60003700004628,1
60003700004152,1
60003700004174,1
60003700004253,1
60003700004262,1
60003700004268,1
60003700004273,1
60003700004275,1
60003700004282,1
60003700004288,1
60003700004294,1
60003700004302,1
60003700004309,1
60003700004310,1
60003700004313,1
60003700004318,1
60003700004330,1
60003700004332,1
60003700004336,1
60003700004338,1
60003700004344,1
60003700004346,1
60003700004365,1
60003700004369,1
60003700004384,1
60003700004390,1
60003700004396,1
60003700004397,1
60003700004412,1
60003700004427,1
60003700004454,1
60003700004463,1
60003700004466,1
60003700004471,1
60003700004490,1
60003700004494,1
60003700004511,1
60003700004518,1
60003700004525,1
60003700004538,1
60003700004547,1
60003700004559,1
60003700004563,1
60003700004569,1
60003700004571,1
60003700004591,1
60003700004593,1
60003700004600,1
60003700004603,1
60003700004610,1
60003700004611,1
60003700004615,1
60003700004631,1
60003700004637,1
60003700004647,1
60003700004671,1
60003700004681,1
60003700004682,1
60003700004684,1
60003700004716,1
60003700004727,1
60003700004731,1
60003700004739,1
60003700004749,1
60003700004762,1
60003700004774,1
60003700004785,1
60003700004786,1
60003700004789,1
60003700004795,1
60003700004796,1
60003700004812,1
60003700004824,1
60003700004834,1
60003700004837,1
60003700004851,1
60003700004868,1
60003700004869,1
60003700004880,1
60003700004881,1
60003700004889,1
60003700004898,1
60003700004903,1
60003700004906,1
60003700004909,1
60003700004914,1
60003700004924,1
60003700004933,1
60003700004942,1
60003700004949,1
60003700004959,1
60003700004960,1
60003700004983,1
60003700005003,1
60003700005006,1
60003700005040,1
60003700005045,1
60003700005046,1
60003700005052,1
60003700005054,1
60003700005073,1
60003700005088,1
60003700005089,1
60003700005096,1
60003700005109,1
60003700005129,1
60003700005131,1
60003700005144,1
60003700005149,1
60003700005161,1
60003700005163,1
60003700005169,1
60003700005170,1
60003700005171,1
60003700005175,1
60003700005176,1
60003700005178,1
60003700005193,1
60003700005207,1
60003700005210,1
60003700005220,1
60003700005232,1
60003700005236,1
60003700005245,1
60003700005255,1
60003700005256,1
60003700005257,1
60003700002940,1
60003700002944,1
60003700002945,0
60003700002958,1
60003700002962,1
60003700002964,1
60003700002965,1
60003700002985,1
60003700002991,1
60003700003025,1
60003700003032,1
60003700003040,1
60003700003200,1
60003700003209,1
60003700003210,1
60003700003250,1
60003700003259,1
60003700003263,1
60003700003266,1
60003700003268,1
60003700003275,1
60003700003276,1
60003700003278,1
60003700003280,1
60003700003284,1
60003700003291,1
60003700003293,1
60003700003298,1
60003700003299,1
60003700003302,1
60003700003303,1
60003700003305,1
60003700003308,1
60003700003309,1
60003700003315,1
60003700003316,1
60003700003333,1
60003700003334,1
60003700003340,1
60003700003344,1
60003700003345,1
60003700003350,1
60003700003352,1
60003700003371,1
60003700003376,1
60003700003382,1
60003700003386,1
60003700003408,1
60003700003415,1
60003700003423,1
60003700003457,1
60003700003462,1
60003700003463,1
60003700003472,1
60003700003474,1
60003700003477,1
60003700003478,1
60003700003484,1
60003700003508,1
60003700003525,1
60003700003530,1
60003700003548,1
60003700003550,1
60003700003571,1
60003700003584,1
60003700003595,1
60003700003598,1
60003700003619,1
60003700003623,1
60003700003638,1
60003700003662,1
60003700003663,1
60003700003670,1
60003700003673,1
60003700003684,1
60003700003713,1
60003700003715,1
60003700003745,1
60003700003758,1
60003700003760,1
60003700003769,1
60003700003776,1
60003700003782,1
60003700003790,1
60003700003797,1
60003700003801,1
60003700003804,1
60003700003810,1
60003700003818,1
60003700003824,1
60003700003825,1
60003700003857,1
60003700003875,1
60003700003885,1
60003700003892,1
60003700003896,1
60003700003897,1
60003700003898,1
60003700003900,1
60003700003903,1
60003700003919,1
60003700003931,1
60003700003933,1
60003700003939,1
60003700003940,1
60003700003942,1
60003700003950,1
60003700003953,1
60003700003958,1
60003700003963,1
60003700003978,1
60003700003982,1
60003700003985,1
60003700004005,1
60003700004025,1
60003700004031,1
60003700004034,1
60003700004037,1
60003700004046,1
60003700004063,1
60003700004069,1
60003700004077,1
60003700004089,1
60003700004109,1
60003700004118,1
60003700004129,0
60003700004137,1
60003700004145,1
60003700022139,0
60003700022142,1
60003700022155,1
60003700022156,1
60003700022160,1
60003700022171,1
60003700022174,1
60003700022181,1
60003700022187,1
60003700022280,1
60003700022298,1
60003700022302,1
60003700022314,1
60003700022333,1
60003700022371,1
60003700022377,1
60003700022399,1
60003700022409,1
60003700022432,1
60003700022439,1
60003700022446,1
60003700022456,1
60003700022458,1
60003700022462,1
60003700022465,1
60003700022466,1
60003700022477,1
60003700022486,1
60003700022496,1
60003700022497,1
60003700022498,1
60003700022506,1
60003700022516,1
60003700022602,1
60003700022606,1
60003700022607,1
60003700022616,1
60003700022633,1
60003700022634,1
60003700022653,1
60003700022664,1
60003700022665,1
60003700022678,1
60003700022683,1
60003700022699,1
60003700022729,1
60003700022761,1
60003700022773,1
60003700022779,1
60003700022811,1
60003700022815,1
60003700022835,1
60003700022845,1
60003700022847,1
60003700022852,1
60003700022872,1
60003700022880,1
60003700022893,1
60003700022894,1
60003700022933,1
60003700022934,1
60003700022942,1
60003700022943,1
60003700022945,1
60003700022953,1
60003700022954,1
60003700022955,1
60003700022962,1
60003700022974,1
60003700022983,1
60003700022985,1
60003700022993,1
60003700022997,1
60003700023008,0
60003700023013,1
60003700023017,0
60003700023038,1
60003700023057,1
60003700023065,1
60003700023068,1
60003700023072,1
60003700023074,1
60003700023087,1
60003700023088,1
60003700023118,1
60003700023125,1
60003700023140,1
60003700023141,1
60003700023146,1
60003700023151,1
60003700023154,1
60003700023155,1
60003700023165,1
60003700023170,1
60003700023171,1
60003700023182,1
60003700023186,1
60003700023188,1
60003700023189,1
60003700023190,1
60003700023191,1
60003700022027,1
60003700022036,1
60003700022048,1
60003700022052,1
60003700023199,1
60003700023205,1
60003700023210,1
60003700023218,1
60003700023221,1
60003700023226,1
60003700023227,1
60003700023233,1
60003700023235,1
60003700023242,1
60003700023262,1
60003700023266,1
60003700023269,1
60003700023282,1
60003700023289,1
60003700023314,1
60003700023316,1
60003700023340,1
60003700023341,1
60003700023356,1
60003700023366,1
60003700023396,1
60003700023405,1
60003700023413,1
60003700023415,1
60003700023417,1
60003700023423,1
60003700023428,1
60003700023430,1
60003700023434,1
60003700023439,1
60003700023441,1
60003700023463,1
60003700023477,1
60003700023481,1
60003700023489,1
60003700023491,1
60003700023499,1
60003700023511,1
60003700023513,1
60003700023525,1
60003700023526,1
60003700023532,1
60003700023535,1
60003700023547,1
60003700023556,1
60003700023565,1
60003700023566,1
60003700023571,1
60003700023577,0
60003700023583,1
60003700023585,1
60003700023591,1
60003700023592,1
60003700023594,1
60003700023601,1
60003700023616,1
60003700019664,1
60003700019672,1
60003700019689,1
60003700023621,1
60003700019717,1
60003700023625,1
60003700023634,1
60003700023640,1
60003700023646,1
60003700023661,1
60003700023675,1
60003700023678,1
60003700023682,1
60003700023689,1
60003700023692,1
60003700023694,1
60003700023696,1
60003700023704,1
60003700023708,1
60003700023715,1
60003700023725,1
60003700023726,1
60003700023728,1
60003700023732,1
60003700023736,1
60003700023741,1
60003700023750,1
60003700023758,1
60003700023765,1
60003700023773,1
60003700023783,1
60003700023784,1
60003700023816,1
60003700023829,1
60003700023834,1
60003700023838,1
60003700023845,1
60003700023857,1
60003700023891,1
60003700023892,1
60003700023895,1
60003700023899,1
60003700023900,1
60003700023901,1
60003700023903,1
60003700023912,1
60003700023925,1
60003700023931,1
60003700023945,1
60003700023947,1
60003700023950,1
60003700023951,1
60003700023964,1
60003700023985,1
60003700024010,1
60003700024019,1
60003700024023,1
60003700024033,1
60003700024043,1
60003700024088,1
60003700024096,1
60003700024098,1
60003700024099,1
60003700024116,1
60003700024123,1
60003700024127,1
60003700024141,1
60003700024148,1
60003700024152,1
60003700024164,1
60003700024168,1
60003700024184,1
60003700024185,0
60003700024202,1
60003700024204,0
60003700024221,1
60003700024222,1
60003700021983,1
60003700021997,1
60003700022002,1
60003700022010,1
60003700022020,1
60003700022021,1
60003700022041,1
60003700022059,1
60003700022062,1
60003700022073,1
60003700022081,1
60003700022087,1
60003700022104,1
60003700022109,1
60003700022112,1
60003700022119,1
60003700022124,1
60003700022126,1
60003700022130,1
60003700022144,1
60003700022148,1
60003700022154,1
60003700022175,1
60003700022180,1
60003700022184,1
60003700022204,1
60003700022215,1
60003700022217,1
60003700022223,1
60003700022225,0
60003700022231,1
60003700022242,1
60003700022245,1
60003700022250,1
60003700022273,1
60003700022275,1
60003700022285,1
60003700022307,1
60003700022317,1
60003700022318,1
60003700022331,1
60003700022332,1
60003700022334,1
60003700022337,1
60003700022338,1
60003700022345,1
60003700022347,1
60003700022351,1
60003700022357,1
60003700022396,1
60003700022437,1
60003700022438,1
60003700022443,1
60003700022457,1
60003700022468,1
60003700022470,1
60003700022481,1
60003700022485,1
60003700022501,1
60003700022536,1
60003700022542,1
60003700022543,1
60003700022544,1
60003700022548,1
60003700022551,1
60003700022576,1
60003700022577,1
60003700022605,1
60003700022611,1
60003700022619,1
60003700022621,1
60003700022624,1
60003700022636,1
60003700022654,1
60003700022672,1
60003700022677,1
60003700022681,1
60003700022687,1
60003700022701,1
60003700022702,1
60003700022704,1
60003700022714,1
60003700022720,1
60003700022869,1
60003700022876,1
60003700022887,1
60003700022895,1
60003700022905,1
60003700022907,1
60003700022915,1
60003700022941,1
60003700022964,1
60003700022965,1
60003700022971,1
60003700022979,1
60003700022989,1
60003700022995,1
60003700023003,1
60003700023009,0
60003700023014,1
60003700023023,1
60003700023025,1
60003700023026,1
60003700023035,1
60003700023039,1
60003700023043,1
60003700023056,1
60003700023144,1
60003700023145,1
60003700023178,1
60003700023179,1
60003700023194,1
60003700023203,1
60003700023204,1
60003700023212,1
60003700023217,1
60003700023224,1
60003700023225,1
60003700023236,1
60003700023241,1
60003700023246,1
60003700023250,1
60003700023251,1
60003700023256,1
60003700023274,1
60003700022079,1
60003700022099,1
60003700022108,1
60003700022116,1
60003700007744,1
60003700007793,1
60003700007807,1
60003700007820,1
60003700007839,1
60003700007840,1
60003700007845,1
60003700007850,1
60003700028065,1
60003700028068,1
60003700028087,1
60003700028096,1
60003700028104,1
60003700028107,1
60003700028113,1
60003700028117,1
60003700028118,1
60003700028125,1
60003700028141,1
60003700028156,1
60003700028185,1
60003700028186,1
60003700028197,1
60003700028201,1
60003700028207,1
60003700028210,1
60003700028211,1
60003700028213,1
60003700028214,1
60003700028216,1
60003700028227,1
60003700028228,1
60003700028234,1
60003700028237,1
60003700028249,1
60003700028256,1
60003700028257,1
60003700028265,1
60003700028266,1
60003700028278,1
60003700025860,1
60003700025864,1
60003700025865,1
60003700025870,1
60003700025880,1
60003700025894,1
60003700025896,1
60003700025903,1
60003700025908,0
60003700028291,1
60003700025917,1
60003700028300,1
60003700025920,1
60003700025923,1
60003700025940,1
60003700025944,1
60003700025945,1
60003700025952,1
60003700025956,1
60003700028302,1
60003700028322,1
60003700028325,1
60003700028335,1
60003700028342,1
60003700028346,1
60003700028351,1
60003700028352,1
60003700028356,1
60003700028364,1
60003700028366,1
60003700028375,1
60003700025967,1
60003700025971,1
60003700025978,1
60003700028378,1
60003700025989,1
60003700025993,1
60003700026000,1
60003700026014,1
60003700026016,1
60003700026021,1
60003700026028,1
60003700026035,1
60003700026039,1
60003700026058,1
60003700026061,1
60003700026066,1
60003700026069,1
60003700026085,1
60003700026114,1
60003700026116,1
60003700026121,1
60003700026124,1
60003700026129,1
60003700026134,1
60003700026143,1
60003700026146,1
60003700026150,1
60003700026159,1
60003700026167,1
60003700026186,1
60003700026189,1
60003700026224,1
60003700026232,1
60003700026255,1
60003700028384,1
60003700026257,1
60003700026261,1
60003700026263,1
60003700026279,1
60003700026289,1
60003700026292,1
60003700026298,1
60003700028390,1
60003700028412,1
60003700028416,1
60003700028431,1
60003700028436,1
60003700028448,1
60003700028464,1
60003700028466,1
60003700028468,1
60003700028469,1
60003700026305,1
60003700026312,1
60003700026327,1
60003700026339,1
60003700026345,1
60003700026349,1
60003700026354,1
60003700026360,1
60003700026368,1
60003700026374,1
60003700026375,1
60003700026381,1
60003700026382,1
60003700026386,1
60003700026389,1
60003700026397,1
60003700026402,1
60003700026416,1
60003700026418,1
60003700026422,1
60003700026432,1
60003700026434,1
60003700026437,1
60003700026438,1
60003700026456,1
60003700026459,1
60003700026461,1
60003700026463,1
60003700028471,1
60003700028482,1
60003700028485,1
60003700028489,1
60003700028497,1
60003700028500,1
60003700028509,1
60003700028519,1
60003700028522,1
60003700028532,1
60003700028553,1
60003700028560,1
60003700028567,1
60003700028575,1
60003700028577,1
60003700028597,1
60003700028602,1
60003700028623,1
60003700028631,1
60003700028638,1
60003700028639,1
60003700028640,1
60003700007857,1
60003700007880,1
60003700007882,1
60003700007883,1
60003700007886,1
60003700007888,1
60003700007899,1
60003700007923,1
60003700007928,1
60003700007940,1
60003700007959,1
60003700007966,1
60003700007969,1
60003700007988,1
60003700008006,1
60003700008007,1
60003700008015,1
60003700008016,1
60003700008026,1
60003700008034,1
60003700008046,1
60003700008048,1
60003700008083,1
60003700008090,1
60003700008092,1
60003700008094,1
60003700008100,1
60003700008106,1
60003700008109,1
60003700008121,1
60003700008135,1
60003700008139,1
60003700008146,1
60003700008162,1
60003700008176,1
60003700008177,1
60003700008184,1
60003700008192,1
60003700008194,1
60003700008200,1
60003700008203,1
60003700019945,1
60003700019946,1
60003700019960,1
60003700019962,1
60003700019964,1
60003700019967,1
60003700019985,0
60003700019986,1
60003700019991,1
60003700019996,1
60003700020008,1
60003700020010,1
60003700020017,1
60003700020019,1
60003700020020,1
60003700020046,1
60003700020055,1
60003700020056,1
60003700020057,1
60003700020081,1
60003700020086,1
60003700020107,1
60003700020110,1
60003700020111,1
60003700020126,1
60003700028646,1
60003700028651,1
60003700028672,1
60003700028674,1
60003700028679,1
60003700028706,1
60003700028720,1
60003700028745,1
60003700028747,1
60003700028755,1
60003700028757,1
60003700028783,1
60003700028787,1
60003700028791,1
60003700028796,1
60003700028808,1
60003700028829,1
60003700028838,1
60003700028841,1
60003700028845,1
60003700028852,1
60003700028872,1
60003700028905,1
60003700028910,1
60003700028915,1
60003700028928,1
60003700028932,1
60003700028946,1
60003700028958,1
60003700028960,1
60003700028986,1
60003700028992,1
60003700029000,1
60003700029001,1
60003700029007,1
60003700020133,1
60003700020141,1
60003700020148,1
60003700020153,1
60003700029010,1
60003700029012,1
60003700029013,1
60003700029028,1
60003700029030,1
60003700029048,1
60003700029056,1
60003700029061,1
60003700029065,1
60003700029071,1
60003700029079,1
60003700029086,1
60003700029116,1
60003700029125,1
60003700029132,1
60003700029144,1
60003700029157,1
60003700029160,1
60003700029176,1
60003700026464,1
60003700023277,1
60003700023296,1
60003700023302,1
60003700023310,1
60003700023311,1
60003700023318,1
60003700023331,1
60003700023335,1
60003700023345,1
60003700023349,1
60003700023375,1
60003700023383,1
60003700023386,1
60003700023394,1
60003700023403,1
60003700023412,1
60003700023419,1
60003700023425,1
60003700023437,1
60003700023440,1
60003700023444,1
60003700023455,1
60003700023468,1
60003700023492,1
60003700023494,1
60003700023495,1
60003700023504,1
60003700023519,1
60003700023543,1
60003700023548,1
60003700023564,1
60003700023574,1
60003700023590,1
60003700023609,1
60003700023610,1
60003700023614,1
60003700023629,1
60003700026475,1
60003700026480,1
60003700026482,1
60003700026483,1
60003700026486,1
60003700026507,1
60003700026513,1
60003700026514,1
60003700026526,1
60003700026528,1
60003700026531,1
60003700026541,1
60003700026562,1
60003700026570,1
60003700026575,1
60003700026584,1
60003700026602,1
60003700026610,1
60003700026613,1
60003700026624,1
60003700026628,1
60003700026631,1
60003700026647,1
60003700026662,1
60003700026670,1
60003700026681,1
60003700026687,1
60003700026701,1
60003700026702,1
60003700026725,1
60003700026753,1
60003700026767,1
60003700026773,1
60003700026790,1
60003700026801,1
60003700026828,1
60003700026842,1
60003700026845,1
60003700026856,1
60003700026883,1
60003700026887,1
60003700026897,1
60003700026922,1
60003700026924,1
60003700026933,1
60003700026936,1
60003700026957,1
60003700026969,1
60003700026971,1
60003700026984,1
60003700026988,1
60003700026991,1
60003700026997,1
60003700027002,1
60003700027004,1
60003700027007,1
60003700027022,1
60003700023631,1
60003700027028,1
60003700027036,1
60003700027037,1
60003700027057,1
60003700027088,1
60003700027089,1
60003700027094,1
60003700027102,1
60003700027103,1
60003700027106,1
60003700027150,1
60003700027155,1
60003700027165,1
60003700023643,1
60003700027191,1
60003700023651,1
60003700027197,1
60003700023653,1
60003700023657,1
60003700023658,1
60003700023667,1
60003700023685,1
60003700023693,1
60003700023707,1
60003700023735,1
60003700027202,1
60003700023737,1
60003700023740,1
60003700023742,1
60003700027231,1
60003700027245,1
60003700023752,1
60003700023766,1
60003700023777,1
60003700023806,1
60003700023809,1
60003700023820,1
60003700023821,1
60003700023826,1
60003700023841,1
60003700023843,1
60003700023848,1
60003700023850,1
60003700023852,1
60003700023864,1
60003700023881,1
60003700023890,1
60003700023896,1
60003700023897,0
60003700023905,1
60003700023907,1
60003700023910,1
60003700023915,1
60003700023919,1
60003700023924,1
60003700023940,1
60003700023959,1
60003700023965,1
60003700023966,1
60003700023968,1
60003700023970,1
60003700023989,1
60003700024012,1
60003700027249,1
60003700027251,1
60003700027252,1
60003700027261,1
60003700027262,1
60003700027264,1
60003700027277,1
60003700027318,1
60003700027339,1
60003700027388,1
60003700027389,1
60003700027395,1
60003700027397,1
60003700027399,1
60003700027401,1
60003700027404,1
60003700027411,1
60003700027420,1
60003700027430,1
60003700027446,1
60003700027450,1
60003700027479,1
60003700027496,1
60003700027498,1
60003700027509,1
60003700027513,1
60003700027517,1
60003700027520,1
60003700027521,1
60003700027530,1
60003700027531,1
60003700027568,1
60003700027571,1
60003700027573,1
60003700027575,1
60003700027577,1
60003700027583,1
60003700027584,1
60003700027631,1
60003700027639,1
60003700027646,1
60003700027657,1
60003700027658,1
60003700027667,1
60003700027671,1
60003700024016,1
60003700024025,1
60003700024027,1
60003700024028,1
60003700024029,1
60003700024032,1
60003700024036,1
60003700024048,1
60003700024050,1
60003700024051,1
60003700024066,1
60003700024067,1
60003700024069,1
60003700024074,1
60003700027675,1
60003700024080,1
60003700024106,1
60003700024113,1
60003700024126,1
60003700024133,1
60003700024142,1
60003700024147,1
60003700024161,1
60003700024165,1
60003700024201,1
60003700024228,1
60003700024241,1
60003700007288,1
60003700007290,1
60003700007301,1
60003700007307,1
60003700007317,1
60003700007323,1
60003700007327,1
60003700007331,1
60003700007355,1
60003700007363,1
60003700007368,1
60003700007369,1
60003700007372,1
60003700007380,1
60003700007384,1
60003700007387,1
60003700007392,1
60003700007396,1
60003700007409,1
60003700007411,1
60003700007417,1
60003700024244,1
60003700024251,1
60003700024274,1
60003700024275,1
60003700024298,1
60003700024301,1
60003700007419,1
60003700007422,1
60003700007425,1
60003700007426,1
60003700007427,1
60003700007428,1
60003700007443,1
60003700007446,1
60003700007453,1
60003700007456,1
60003700007459,1
60003700007465,1
60003700007472,1
60003700007475,1
60003700007480,1
60003700007498,1
60003700007507,1
60003700007521,1
60003700007531,1
60003700007542,1
60003700007545,1
60003700007546,1
60003700007550,1
60003700007553,1
60003700007558,1
60003700007577,1
60003700007586,1
60003700007589,1
60003700007603,1
60003700007613,1
60003700007619,1
60003700007625,1
60003700007643,1
60003700007648,1
60003700007661,1
60003700007665,1
60003700007682,1
60003700007684,1
60003700007694,1
60003700007698,0
60003700007699,0
60003700007703,1
60003700007708,1
60003700007720,1
60003700007733,1
60003700024315,1
60003700024325,1
60003700024329,1
60003700024337,1
60003700024343,1
60003700024358,1
60003700024366,1
60003700024367,0
60003700024375,1
60003700024382,1
60003700027677,1
60003700027690,1
60003700027691,1
60003700024391,1
60003700024404,1
60003700024411,1
60003700024413,1
60003700024421,1
60003700027694,1
60003700027701,1
60003700024422,1
60003700024427,1
60003700024445,1
60003700024461,1
60003700024472,1
60003700027702,1
60003700027711,1
60003700024477,1
60003700024481,1
60003700024482,1
60003700027716,1
60003700027718,1
60003700027725,1
60003700027730,1
60003700027738,1
60003700027742,1
60003700027758,1
60003700027764,1
60003700027766,1
60003700027775,1
60003700027776,1
60003700027794,1
60003700027801,1
60003700027803,1
60003700027805,1
60003700027817,1
60003700027828,1
60003700027837,1
60003700027840,1
60003700027848,1
60003700027867,1
60003700027886,1
60003700027887,1
60003700027899,1
60003700027904,1
60003700027905,1
60003700027937,1
60003700027938,1
60003700027939,1
60003700027943,1
60003700027949,1
60003700027972,1
60003700027982,1
60003700027999,1
60003700028003,1
60003700028006,1
60003700028008,1
60003700028012,1
60003700028019,1
60003700028024,1
60003700028025,1
60003700024489,1
60003700024492,1
60003700028052,1
60003700028060,1
60003700019727,1
60003700019728,1
60003700019729,1
60003700019733,1
60003700019740,1
60003700019741,1
60003700019759,1
60003700019760,1
60003700019769,1
60003700019774,1
60003700019786,1
60003700019797,1
60003700019805,1
60003700019808,1
60003700019822,1
60003700019833,1
60003700019847,1
60003700019854,1
60003700019857,1
60003700019868,1
60003700019869,1
60003700019884,1
60003700019898,1
60003700019905,1
60003700019906,1
60003700019918,1
60003700019922,1
60003700019926,1
60003700019929,1
60003700006544,1
60003700006547,1
60003700006555,1
60003700006558,1
60003700006586,1
60003700006602,1
60003700006612,1
60003700006620,1
60003700006623,1
60003700006627,1
60003700006639,1
60003700006641,1
60003700006645,1
60003700011231,1
60003700011237,1
60003700011259,1
60003700011265,1
60003700011271,1
60003700011272,1
60003700011282,1
60003700011289,1
60003700011290,1
60003700011298,1
60003700011304,1
60003700011326,1
60003700011347,1
60003700011348,1
60003700011356,1
60003700011358,1
60003700011363,1
60003700011367,1
60003700011375,1
60003700011381,1
60003700011388,1
60003700011409,1
60003700011412,1
60003700011422,1
60003700011438,1
60003700011444,1
60003700011462,1
60003700011467,1
60003700011475,1
60003700011480,1
60003700011486,1
60003700011487,1
60003700011489,1
60003700011493,1
60003700011500,1
60003700011505,1
60003700011509,1
60003700011516,1
60003700011517,1
60003700011525,1
60003700011530,1
60003700011533,1
60003700011534,1
60003700011536,1
60003700011538,1
60003700011561,1
60003700011570,1
60003700011572,1
60003700011577,1
60003700011600,1
60003700011611,1
60003700011612,1
60003700011620,1
60003700011621,1
60003700011627,1
60003700011647,1
60003700011653,1
60003700011655,1
60003700011657,1
60003700011675,1
60003700011695,1
60003700011697,1
60003700011704,1
60003700011707,1
60003700011711,1
60003700011713,1
60003700011720,1
60003700011733,1
60003700011737,1
60003700011744,1
60003700011750,1
60003700011770,1
60003700011780,1
60003700011788,1
60003700006648,1
60003700006649,1
60003700006654,1
60003700006664,1
60003700006667,1
60003700006670,1
60003700006671,1
60003700006689,1
60003700006695,1
60003700006703,1
60003700006706,1
60003700006719,1
60003700011792,1
60003700011793,1
60003700011795,1
60003700011798,1
60003700011801,1
60003700011805,1
60003700011815,1
60003700011834,1
60003700011836,1
60003700011840,1
60003700011841,1
60003700011844,1
60003700011848,1
60003700011854,1
60003700011859,1
60003700011876,1
60003700011877,1
60003700011878,1
60003700011891,1
60003700011902,1
60003700011916,1
60003700011918,1
60003700011921,1
60003700011924,1
60003700011937,0
60003700011978,1
60003700011984,1
60003700011985,1
60003700011986,1
60003700011988,1
60003700011989,1
60003700011993,1
60003700011994,1
60003700011996,1
60003700012001,1
60003700012002,1
60003700012008,1
60003700012009,1
60003700012024,1
60003700012029,1
60003700012039,1
60003700012049,1
60003700012067,1
60003700012069,1
60003700012083,1
60003700012093,1
60003700012098,1
60003700012103,1
60003700012107,1
60003700012108,1
60003700012112,1
60003700012122,1
60003700012193,1
60003700012214,1
60003700012218,1
60003700012223,1
60003700012224,1
60003700012226,1
60003700012228,1
60003700012229,1
60003700012230,1
60003700012234,1
60003700012256,1
60003700012273,1
60003700012281,1
60003700012299,1
60003700012303,1
60003700012323,1
60003700012330,1
60003700012334,1
60003700012347,1
60003700012360,0
60003700012363,1
60003700012366,1
60003700012372,1
60003700012376,1
60003700012378,1
60003700012396,1
60003700012408,1
60003700012412,1
60003700012425,1
60003700012433,1
60003700012439,1
60003700012449,1
60003700012462,1
60003700012463,1
60003700012466,1
60003700012468,1
60003700012474,1
60003700012477,1
60003700012489,1
60003700012501,1
60003700012505,1
60003700002252,1
60003700002259,1
60003700002264,1
60003700002285,1
60003700002289,1
60003700002290,1
60003700002293,1
60003700002314,1
60003700012508,1
60003700012514,1
60003700012517,1
60003700012530,1
60003700012533,1
60003700012541,1
60003700012544,1
60003700012545,1
60003700012554,1
60003700012555,1
60003700012570,1
60003700012573,1
60003700012580,1
60003700012592,1
60003700012595,1
60003700012596,1
60003700012600,1
60003700012605,1
60003700012620,1
60003700012628,1
60003700012661,1
60003700012670,1
60003700012683,1
60003700012686,1
60003700012693,1
60003700012724,1
60003700012742,1
60003700012748,1
60003700012749,1
60003700012755,1
60003700012761,1
60003700012763,1
60003700012769,1
60003700012776,1
60003700012800,0
60003700012826,1
60003700012827,1
60003700012834,1
60003700012845,1
60003700012846,1
60003700012848,1
60003700012868,1
60003700012884,1
60003700012886,1
60003700012892,1
60003700012903,1
60003700012911,1
60003700012920,1
60003700012922,1
60003700012923,1
60003700012932,1
60003700012939,1
60003700012955,1
60003700012982,1
60003700012993,1
60003700013000,1
60003700013013,1
60003700013029,1
60003700013110,1
60003700013116,1
60003700013123,1
60003700013128,1
60003700013139,1
60003700013148,1
60003700013149,1
60003700013156,1
60003700013157,1
60003700013159,1
60003700013160,1
60003700013162,1
60003700013165,1
60003700013166,1
60003700013171,1
60003700013182,1
60003700013193,1
60003700013213,1
60003700013214,1
60003700013215,1
60003700013221,1
60003700013226,1
60003700013227,1
60003700013250,1
60003700013252,1
60003700013262,1
60003700004845,1
60003700004850,1
60003700004853,1
60003700004856,1
60003700004861,1
60003700004864,1
60003700004867,1
60003700004884,1
60003700004896,1
60003700004908,1
60003700004940,1
60003700004941,1
60003700004943,1
60003700004956,1
60003700004974,1
60003700004985,1
60003700004996,1
60003700005015,1
60003700005017,1
60003700005018,1
60003700005044,1
60003700005047,1
60003700005049,1
60003700005063,1
60003700005064,1
60003700005114,1
60003700005120,1
60003700005121,1
60003700005138,1
60003700005139,1
60003700005142,1
60003700005150,1
60003700005153,1
60003700005164,1
60003700005166,1
60003700005173,1
60003700005181,1
60003700005192,1
60003700005217,1
60003700005221,1
60003700005223,1
60003700005227,1
60003700005233,1
60003700005242,1
60003700005243,1
60003700005254,1
60003700005264,1
60003700005267,1
60003700005270,1
60003700005280,1
60003700005284,1
60003700002315,1
60003700002318,1
60003700002333,1
60003700002334,1
60003700002375,1
60003700002377,1
60003700002380,1
60003700002382,1
60003700002383,1
60003700002397,1
60003700002401,1
60003700002406,1
60003700002409,1
60003700005291,1
60003700005292,1
60003700005305,1
60003700005309,1
60003700005323,1
60003700005326,1
60003700005328,1
60003700005331,1
60003700005337,1
60003700005350,1
60003700002413,1
60003700002434,1
60003700002458,1
60003700002468,1
60003700002471,1
60003700002478,1
60003700002479,1
60003700002481,1
60003700002494,1
60003700002504,1
60003700002507,1
60003700002514,1
60003700005353,1
60003700005360,1
60003700005364,1
60003700005373,1
60003700005381,1
60003700005382,1
60003700005387,1
60003700005398,1
60003700005417,1
60003700005418,1
60003700005424,1
60003700005432,1
60003700005441,1
60003700005444,1
60003700005445,1
60003700005446,1
60003700005450,1
60003700005452,1
60003700005454,1
60003700005475,1
60003700005477,1
60003700005482,1
60003700005490,1
60003700005498,1
60003700005511,1
60003700005529,1
60003700005530,1
60003700005531,1
60003700005538,1
60003700005540,1
60003700005554,1
60003700005557,1
60003700005561,1
60003700005577,1
60003700005582,1
60003700005587,1
60003700005591,1
60003700005604,1
60003700005616,1
60003700005630,1
60003700005631,1
60003700005650,1
60003700005656,1
60003700005669,1
60003700005671,1
60003700005683,1
60003700005692,1
60003700005694,1
60003700005699,1
60003700005704,1
60003700005706,1
60003700005713,1
60003700005718,1
60003700005737,1
60003700005746,1
60003700005748,1
60003700005750,1
60003700005753,1
60003700005758,1
60003700005763,1
60003700005787,1
60003700005794,1
60003700005810,1
60003700005830,1
60003700005831,1
60003700005834,1
60003700005842,1
60003700005857,1
60003700005863,1
60003700005882,1
60003700005885,1
60003700005892,1
60003700005895,1
60003700005921,1
60003700005924,1
60003700005937,1
60003700005940,1
60003700005948,1
60003700005954,1
60003700005957,1
60003700005958,1
60003700005978,1
60003700005980,1
60003700005984,1
60003700005995,1
60003700006016,1
60003700006020,1
60003700006036,1
60003700006038,1
60003700006044,1
60003700006054,1
60003700006060,1
60003700006074,1
60003700006077,1
60003700006096,1
60003700004567,1
60003700004578,1
60003700004579,1
60003700004596,1
60003700004602,1
60003700004609,1
60003700004612,1
60003700004616,1
60003700004622,1
60003700004630,1
60003700004632,1
60003700001437,1
60003700001443,1
60003700001491,1
60003700001495,1
60003700001509,1
60003700001511,1
60003700001522,1
60003700001541,1
60003700001542,1
60003700001543,1
60003700001548,1
60003700001552,1
60003700001561,1
60003700001566,1
60003700001569,1
60003700001570,1
60003700001595,1
60003700001609,1
60003700001612,1
60003700004656,0
60003700004658,1
60003700004662,1
60003700001613,1
60003700004665,1
60003700004670,1
60003700004702,1
60003700004719,1
60003700004729,1
60003700004732,1
60003700004745,1
60003700004775,1
60003700004778,1
60003700004788,1
60003700004805,1
60003700004806,1
60003700004818,1
60003700004827,1
60003700004829,1
60003700004831,1
60003700004838,1
60003700004840,1
60003700004844,1
60003700006098,1
60003700006100,1
60003700006104,1
60003700006138,1
60003700006145,1
60003700006148,1
60003700006154,1
60003700006160,1
60003700006168,1
60003700006187,1
60003700006194,1
60003700006207,1
60003700006227,1
60003700006239,1
60003700001619,1
60003700001626,1
60003700001630,1
60003700001631,1
60003700001657,1
60003700001667,1
60003700001678,1
60003700001687,1
60003700001690,1
60003700001694,1
60003700001699,1
60003700001700,1
60003700001704,1
60003700001711,1
60003700001725,1
60003700001737,1
60003700001741,1
60003700001751,1
60003700001756,1
60003700001854,1
60003700001855,1
60003700001863,1
60003700001867,1
60003700001869,1
60003700001874,1
60003700001887,1
60003700001888,1
60003700001902,1
60003700001904,1
60003700001905,1
60003700001916,1
60003700001934,1
60003700001938,1
60003700001967,1
60003700001970,1
60003700001992,1
60003700001998,1
60003700002002,1
60003700002012,1
60003700002061,1
60003700002068,1
60003700002073,1
60003700002074,1
60003700006240,1
60003700006247,1
60003700002083,1
60003700002086,1
60003700002095,1
60003700002105,1
60003700002113,1
60003700002115,1
60003700002117,1
60003700002119,1
60003700002121,1
60003700002124,1
60003700002130,1
60003700002138,1
60003700002155,1
60003700002160,1
60003700002162,1
60003700002169,1
60003700002170,1
60003700002187,1
60003700002200,1
60003700002203,1
60003700002205,1
60003700002206,1
60003700002213,1
60003700002221,1
60003700002222,1
60003700002231,1
60003700002233,1
60003700002239,1
60003700002241,1
60003700002246,1
60003700006254,1
60003700006255,1
60003700006280,1
60003700002247,1
60003700002271,1
60003700002280,1
60003700002282,1
60003700002296,1
60003700002298,1
60003700002304,1
60003700002309,1
60003700002321,1
60003700002322,1
60003700002323,1
60003700002325,1
60003700002338,1
60003700002352,1
60003700002369,1
60003700006295,1
60003700006298,1
60003700006319,1
60003700002372,1
60003700002385,1
60003700002390,1
60003700002426,1
60003700002441,1
60003700002443,1
60003700006334,1
60003700006340,1
60003700006341,1
60003700006343,1
60003700006345,1
60003700006352,1
60003700006354,1
60003700006363,1
60003700006385,1
60003700006396,1
60003700006397,1
60003700006398,1
60003700006407,1
60003700006412,1
60003700006419,1
60003700006423,1
60003700006431,1
60003700006433,1
60003700006440,1
60003700006444,1
60003700006452,1
60003700006459,1
60003700006460,1
60003700006462,1
60003700006473,1
60003700006480,1
60003700006489,1
60003700006512,1
60003700006522,1
60003700002447,1
60003700002448,1
60003700002450,1
60003700002480,1
60003700002492,1
60003700002501,1
60003700002525,1
60003700002532,1
60003700002542,1
60003700002543,1
60003700002546,1
60003700002563,1
60003700002571,1
60003700002574,1
60003700002581,1
60003700002587,1
60003700002595,1
60003700002616,1
60003700002624,1
60003700002625,1
60003700002654,1
60003700002676,1
60003700002677,1
60003700002703,1
60003700002708,1
60003700002709,1
60003700002711,1
60003700002714,1
60003700002720,1
60003700002723,1
60003700002747,1
60003700002751,1
60003700002752,1
60003700002758,1
60003700002760,1
60003700002762,1
60003700009911,1
60003700009916,1
60003700009928,1
60003700009931,1
60003700009972,1
60003700009989,1
60003700009990,1
60003700009994,1
60003700009996,1
60003700009998,1
60003700010000,1
60003700010012,1
60003700010013,1
60003700010020,1
60003700010021,1
60003700010025,1
60003700010033,1
60003700010036,1
60003700010046,1
60003700010049,1
60003700010050,1
60003700010058,1
60003700010083,1
60003700010087,1
60003700010094,1
60003700010118,1
60003700010121,1
60003700010142,1
60003700010144,1
60003700010145,1
60003700010147,1
60003700010150,1
60003700010153,1
60003700010162,1
60003700010176,1
60003700010182,1
60003700010218,1
60003700010219,1
60003700010227,1
60003700010233,1
60003700010264,1
60003700010275,1
60003700010286,1
60003700010290,1
60003700010303,1
60003700002763,1
60003700002796,1
60003700002804,1
60003700010314,1
60003700010319,1
60003700010326,1
60003700010340,1
60003700002815,1
60003700010341,1
60003700010342,1
60003700010361,1
60003700010364,1
60003700010369,1
60003700010371,1
60003700010373,1
60003700002817,1
60003700002823,1
60003700002824,1
60003700002841,1
60003700002851,1
60003700002867,1
60003700002872,1
60003700002876,1
60003700002882,1
60003700002883,1
60003700002885,1
60003700002900,1
60003700002907,1
60003700002917,1
60003700002933,1
60003700010377,1
60003700010382,1
60003700002946,1
60003700008204,1
60003700008223,1
60003700008224,1
60003700008231,1
60003700008240,1
60003700008242,1
60003700008261,1
60003700002959,1
60003700002969,1
60003700002974,1
60003700008262,1
60003700008265,1
60003700008266,1
60003700008268,1
60003700008272,1
60003700008283,1
60003700008290,1
60003700008293,1
60003700008304,1
60003700008321,1
60003700008336,1
60003700008345,1
60003700008358,1
60003700008360,1
60003700008385,1
60003700008387,1
60003700008398,1
60003700008413,1
60003700008415,1
60003700008424,1
60003700008427,1
60003700010386,1
60003700010389,1
60003700010391,1
60003700010399,1
60003700010400,1
60003700010428,1
60003700002981,1
60003700002982,1
60003700002995,1
60003700003006,1
60003700010440,1
60003700003009,1
60003700010441,1
60003700003014,1
60003700010445,1
60003700003023,1
60003700010449,1
60003700010456,1
60003700003029,1
60003700010465,1
60003700010472,1
60003700010488,1
60003700010492,1
60003700010501,1
60003700010504,1
60003700010506,1
60003700010511,1
60003700010517,1
60003700010540,1
60003700010548,1
60003700010566,1
60003700010569,1
60003700010572,1
60003700010574,1
60003700010575,1
60003700010580,1
60003700010591,1
60003700010619,1
60003700010630,1
60003700010646,1
60003700010652,1
60003700003030,1
60003700003033,1
60003700003036,1
60003700003038,1
60003700010738,1
60003700010749,1
60003700010770,1
60003700010784,1
60003700010785,1
60003700010788,1
60003700010789,1
60003700010796,1
60003700010799,1
60003700010800,1
60003700010811,1
60003700010825,1
60003700010836,1
60003700010841,1
60003700010866,1
60003700010869,1
60003700010871,1
60003700010872,1
60003700010889,1
60003700010893,1
60003700010907,1
60003700010920,1
60003700010929,1
60003700010930,1
60003700010931,1
60003700010939,1
60003700010941,1
60003700010961,1
60003700010971,1
60003700010979,1
60003700010989,1
60003700011000,1
60003700011003,1
60003700011011,1
60003700011013,1
60003700011015,1
60003700011017,1
60003700011023,1
60003700011025,0
60003700011032,1
60003700011038,1
60003700011039,1
60003700011048,1
60003700003063,1
60003700003070,1
60003700003074,1
60003700003084,1
60003700003094,1
60003700003106,1
60003700003109,1
60003700003115,1
60003700003119,1
60003700003130,1
60003700003135,1
60003700003136,1
60003700003141,1
60003700003142,1
60003700003146,1
60003700003148,1
60003700003157,1
60003700003164,1
60003700003168,1
60003700003174,1
60003700003176,1
60003700003182,1
60003700003186,1
60003700003194,1
60003700003196,1
60003700003199,1
60003700003202,1
60003700003204,1
60003700003206,1
60003700011067,1
60003700011074,1
60003700011084,1
60003700011087,1
60003700011095,1
60003700011109,1
60003700011120,1
60003700011128,1
60003700011134,1
60003700011139,1
60003700003214,1
60003700003217,1
60003700003220,1
60003700011141,1
60003700011145,1
60003700011146,1
60003700011183,1
60003700011189,1
60003700011190,1
60003700011194,1
60003700011198,1
60003700011226,1
60003700011228,1
60003700003239,1
60003700003258,1
60003700003283,1
60003700003286,1
60003700003288,1
60003700003317,1
60003700003324,1
60003700003329,1
60003700003337,1
60003700003338,1
60003700003349,1
60003700003361,1
60003700003377,1
60003700003378,1
60003700003385,1
60003700003394,1
60003700003396,1
60003700003405,1
60003700003417,1
60003700003447,1
60003700003448,1
60003700006523,1
60003700006529,1
60003700006538,1
60003700006540,1
60003700003129,1
60003700003137,1
60003700003143,1
60003700003145,1
60003700003154,1
60003700003155,1
60003700003159,1
60003700003162,1
60003700003163,1
60003700003171,1
60003700003203,1
60003700003207,1
60003700003224,1
60003700003234,1
60003700003240,1
60003700003242,1
60003700003257,1
60003700003260,1
60003700003262,1
60003700003264,1
60003700003274,1
60003700003279,1
60003700003281,1
60003700003295,1
60003700003300,1
60003700003313,1
60003700003314,1
60003700003341,1
60003700003358,1
60003700003372,1
60003700003398,1
60003700003410,1
60003700003416,1
60003700003418,1
60003700003421,1
60003700003427,1
60003700003440,1
60003700003442,1
60003700003450,1
60003700003455,1
60003700003456,1
60003700003460,1
60003700003476,1
60003700003479,1
60003700003495,1
60003700003499,1
60003700003502,1
60003700003510,1
60003700003513,1
60003700003515,1
60003700003518,1
60003700003520,1
60003700003532,1
60003700003538,1
60003700003539,1
60003700003561,1
60003700003567,1
60003700003586,1
60003700003588,1
60003700003597,1
60003700006729,1
60003700006744,1
60003700006746,1
60003700006761,1
60003700006771,1
60003700006773,1
60003700006778,1
60003700006793,1
60003700006799,1
60003700003599,1
60003700003601,1
60003700003602,1
60003700003608,1
60003700003636,1
60003700003647,1
60003700003664,1
60003700003669,1
60003700003683,1
60003700003701,1
60003700003716,1
60003700003735,1
60003700003736,1
60003700003741,1
60003700003751,1
60003700003756,1
60003700003766,1
60003700003791,1
60003700003795,1
60003700003802,1
60003700003809,1
60003700006804,1
60003700006811,1
60003700006830,1
60003700006831,1
60003700006836,1
60003700006845,1
60003700006857,1
60003700006866,1
60003700006879,1
60003700003842,1
60003700003845,1
60003700006915,1
60003700006917,1
60003700006923,1
60003700006930,1
60003700006943,1
60003700003850,1
60003700003864,1
60003700003865,1
60003700003868,1
60003700003890,1
60003700003891,1
60003700003902,1
60003700003909,1
60003700003914,1
60003700003922,1
60003700003925,1
60003700003926,1
60003700003928,1
60003700003932,1
60003700003945,1
60003700003951,1
60003700003965,1
60003700003972,1
60003700006958,1
60003700006964,1
60003700006973,1
60003700006980,1
60003700006981,1
60003700006992,1
60003700007006,1
60003700007014,1
60003700007015,1
60003700007016,1
60003700007024,1
60003700007030,1
60003700007046,1
60003700007051,1
60003700007053,1
60003700007061,1
60003700007069,1
60003700007070,1
60003700007077,1
60003700003983,1
60003700007086,1
60003700003989,1
60003700003991,1
60003700007091,1
60003700007093,1
60003700007101,1
60003700003995,1
60003700004008,1
60003700004011,1
60003700007119,1
60003700007121,1
60003700007123,1
60003700007135,1
60003700007148,1
60003700007155,1
60003700007163,1
60003700007166,1
60003700007167,1
60003700007169,1
60003700007170,1
60003700007173,1
60003700007180,1
60003700007189,1
60003700004014,1
60003700004021,1
60003700004026,1
60003700004041,1
60003700004044,1
60003700004056,1
60003700004068,1
60003700004071,1
60003700004075,1
60003700007196,1
60003700007203,1
60003700007209,1
60003700007217,1
60003700007231,1
60003700007238,1
60003700007246,1
60003700007249,1
60003700007253,1
60003700007263,1
60003700004076,1
60003700004084,1
60003700004098,1
60003700004106,1
60003700004114,1
60003700004116,1
60003700004127,1
60003700004132,0
60003700004134,0
60003700004139,1
60003700004140,1
60003700004143,1
60003700007265,1
60003700007287,1
60003700007292,1
60003700007299,1
60003700007302,1
60003700007303,1
60003700007309,1
60003700007320,1
60003700007337,1
60003700007340,1
60003700007343,1
60003700007344,1
60003700007356,1
60003700007362,1
60003700007364,1
60003700007375,1
60003700007379,1
60003700007381,1
60003700007382,1
60003700004148,1
60003700004151,1
60003700004156,1
60003700007385,1
60003700007389,1
60003700004160,1
60003700004163,1
60003700004173,1
60003700007393,1
60003700007412,1
60003700007418,1
60003700004184,0
60003700004202,1
60003700004204,1
60003700004205,1
60003700004230,1
60003700004247,1
60003700004251,1
60003700004266,1
60003700004280,1
60003700004290,1
60003700004291,1
60003700004301,1
60003700004323,1
60003700004331,1
60003700004345,1
60003700004356,1
60003700004371,1
60003700004374,1
60003700004375,1
60003700004379,1
60003700004381,1
60003700004398,1
60003700004403,1
60003700004408,1
60003700004409,1
60003700004410,1
60003700004416,1
60003700004417,1
60003700004420,1
60003700004435,1
60003700004448,1
60003700004460,1
60003700004477,1
60003700004491,1
60003700004509,1
60003700004510,1
60003700004512,1
60003700004517,1
60003700004519,1
60003700004523,1
60003700004527,1
60003700004534,1
60003700004544,1
60003700007431,1
60003700007454,1
60003700007471,1
60003700007476,1
60003700007490,1
60003700007508,1
60003700007515,1
60003700007519,1
60003700007530,1
60003700007541,1
60003700007547,1
60003700007549,1
60003700007565,1
60003700007566,1
60003700007572,1
60003700007575,1
60003700007598,1
60003700007607,1
60003700007612,1
60003700007627,1
60003700007629,1
60003700007632,1
60003700007637,1
60003700007639,1
60003700007644,1
60003700007651,1
60003700007683,1
60003700007689,1
60003700007690,1
60003700007695,1
60003700007696,1
60003700007700,1
60003700007707,1
60003700007724,1
60003700007756,1
60003700007760,1
60003700007762,1
60003700007766,1
60003700007768,1
60003700007774,1
60003700007775,1
60003700007780,1
60003700007782,1
60003700007786,1
60003700007792,1
60003700007797,1
60003700007814,1
60003700007816,1
60003700007818,1
60003700007833,1
60003700007846,1
60003700007858,1
60003700007860,1
60003700007870,1
60003700007884,1
60003700007885,1
60003700007945,1
60003700007975,1
60003700007991,1
60003700008005,1
60003700008011,1
60003700008019,1
60003700008023,1
60003700008025,1
60003700008027,1
60003700008028,1
60003700008033,1
60003700008045,1
60003700008053,1
60003700008063,1
60003700008066,1
60003700008078,1
60003700008079,1
60003700008081,1
60003700008086,1
60003700008093,1
60003700008102,1
60003700008103,1
60003700008108,1
60003700008118,1
60003700008130,1
60003700008148,1
60003700008150,1
60003700008151,1
60003700008172,1
60003700008198,1
60003700008209,1
60003700003453,1
60003700003471,1
60003700003481,1
60003700003491,1
60003700003500,1
60003700003516,1
60003700003529,1
60003700003540,1
60003700003542,1
60003700003547,1
60003700008434,1
60003700008449,1
60003700008458,1
60003700008459,1
60003700008473,1
60003700008476,1
60003700008477,1
60003700008488,1
60003700008489,1
60003700008495,1
60003700008513,0
60003700008532,1
60003700008552,1
60003700008553,1
60003700008560,1
60003700008570,1
60003700008581,1
60003700008595,1
60003700008600,1
60003700008613,1
60003700008619,1
60003700008631,1
60003700008647,1
60003700008650,1
60003700008657,1
60003700008659,1
60003700008662,1
60003700008668,1
60003700008676,1
60003700008702,1
60003700008717,1
60003700008737,1
60003700008743,1
60003700008745,1
60003700008753,1
60003700008768,1
60003700008769,1
60003700008788,1
60003700008792,1
60003700008793,1
60003700008796,1
60003700008813,1
60003700008818,1
60003700008832,1
60003700008840,1
60003700008858,1
60003700008860,1
60003700008863,1
60003700008864,1
60003700008874,1
60003700008888,1
60003700008913,1
60003700008925,1
60003700008927,1
60003700008928,1
60003700008934,1
60003700008938,1
60003700008949,1
60003700008983,1
60003700008995,1
60003700009003,1
60003700009004,1
60003700009009,1
60003700009016,1
60003700009018,1
60003700009023,1
60003700009039,1
60003700009041,1
60003700009048,1
60003700009060,1
60003700009064,1
60003700009078,1
60003700009085,1
60003700009095,1
60003700009096,1
60003700009101,1
60003700009106,1
60003700009112,1
60003700009135,1
60003700009146,1
60003700009162,1
60003700009163,1
60003700009164,1
60003700009172,1
60003700008213,1
60003700008222,1
60003700008228,1
60003700008232,1
60003700008234,1
60003700008238,1
60003700008267,1
60003700008279,1
60003700008285,1
60003700008299,1
60003700008314,1
60003700008316,1
60003700003556,1
60003700003560,1
60003700003562,1
60003700003572,1
60003700003573,1
60003700003575,1
60003700003581,1
60003700003583,1
60003700003589,1
60003700003596,1
60003700003605,1
60003700003610,1
60003700003611,1
60003700003614,1
60003700003626,1
60003700003631,1
60003700003640,1
60003700003686,1
60003700003742,1
60003700003748,1
60003700003761,1
60003700003762,1
60003700003777,1
60003700003805,1
60003700003815,1
60003700003816,1
60003700003819,1
60003700003823,1
60003700003829,1
60003700003833,1
60003700003839,1
60003700003840,1
60003700003858,1
60003700003863,1
60003700003866,1
60003700003871,1
60003700003884,1
60003700003888,1
60003700003889,1
60003700003908,1
60003700003910,1
60003700003912,1
60003700003913,1
60003700003934,1
60003700003935,1
60003700003946,1
60003700003948,1
60003700003957,1
60003700003971,1
60003700003980,1
60003700003992,1
60003700003994,1
60003700003998,1
60003700004006,1
60003700004010,1
60003700004024,1
60003700004030,1
60003700004039,1
60003700004049,1
60003700004059,1
60003700004150,1
60003700004157,1
60003700004158,1
60003700004162,1
60003700004168,1
60003700004170,1
60003700004171,1
60003700004182,1
60003700004185,0
60003700004231,1
60003700004239,1
60003700004241,1
60003700004244,1
60003700004252,1
60003700004254,1
60003700004263,1
60003700004278,1
60003700004286,1
60003700004287,1
60003700004289,1
60003700004293,1
60003700004295,1
60003700004297,1
60003700004308,1
60003700004314,1
60003700004316,1
60003700004334,1
60003700004341,1
60003700004342,1
60003700004351,1
60003700004354,1
60003700004355,1
60003700004362,1
60003700004367,1
60003700004372,1
60003700004373,1
60003700004376,1
60003700004380,1
60003700004401,1
60003700004405,1
60003700004413,1
60003700004421,1
60003700004422,1
60003700004429,1
60003700004431,1
60003700004459,1
60003700004469,1
60003700004470,1
60003700004475,1
60003700004476,1
60003700004481,1
60003700004482,1
60003700004484,1
60003700004485,1
60003700004495,1
60003700004496,1
60003700004537,1
60003700004549,1
60003700004552,1
60003700004557,1
60003700004562,1
60003700004566,1
60003700004574,1
60003700004576,1
60003700004633,1
60003700004635,1
60003700004638,1
60003700004640,1
60003700004644,1
60003700004653,1
60003700004659,1
60003700004660,1
60003700004661,1
60003700004690,1
60003700004697,1
60003700004767,1
60003700002515,1
60003700002531,1
60003700002535,1
60003700002557,1
60003700002558,1
60003700002572,1
60003700002579,1
60003700002582,1
60003700002584,1
60003700002596,1
60003700002608,1
60003700002628,1
60003700002629,1
60003700002635,1
60003700002640,1
60003700002647,1
60003700002652,1
60003700002664,1
60003700002668,1
60003700002674,1
60003700002682,1
60003700002686,1
60003700002695,1
60003700002698,1
60003700002701,1
60003700002707,1
60003700002712,1
60003700002718,1
60003700002724,1
60003700002725,1
60003700002733,1
60003700002735,1
60003700002750,1
60003700002765,1
60003700002794,1
60003700004768,1
60003700004784,1
60003700004803,1
60003700004815,1
60003700004855,1
60003700004858,1
60003700004870,1
60003700004873,1
60003700004875,1
60003700004878,1
60003700004885,1
60003700004886,1
60003700004891,1
60003700004904,1
60003700004905,1
60003700004911,1
60003700004919,1
60003700002800,1
60003700002807,1
60003700002825,1
60003700004937,1
60003700004951,1
60003700004957,1
60003700002830,1
60003700002848,1
60003700004961,1
60003700004962,1
60003700004984,1
60003700004986,1
60003700004990,1
60003700004993,1
60003700005001,1
60003700005009,1
60003700005028,1
60003700005032,1
60003700005043,1
60003700005061,1
60003700005074,1
60003700005078,0
60003700005082,1
60003700005086,1
60003700005099,1
60003700005110,1
60003700005117,1
60003700002850,1
60003700002856,1
60003700002857,1
60003700005123,1
60003700005148,1
60003700005151,1
60003700005152,1
60003700005158,1
60003700005180,1
60003700005183,1
60003700005188,1
60003700005189,1
60003700005195,1
60003700002860,1
60003700002863,1
60003700002865,1
60003700002878,1
60003700002889,1
60003700002890,1
60003700002892,1
60003700002897,1
60003700002912,1
60003700002918,1
60003700002922,1
60003700002942,1
60003700002948,1
60003700002952,1
60003700002963,1
60003700002968,1
60003700002977,1
60003700002979,1
60003700002987,1
60003700002989,1
60003700003001,1
60003700003004,1
60003700003008,1
60003700003017,1
60003700003039,1
60003700003043,1
60003700003055,1
60003700003057,1
60003700003073,1
60003700003085,1
60003700003103,1
60003700003112,1
60003700003126,1
60003700018623,1
60003700018628,1
60003700018653,1
60003700018655,1
60003700018663,1
60003700018689,1
60003700018698,1
60003700018700,1
60003700018701,1
60003700018703,1
60003700018704,1
60003700018705,1
60003700018711,1
60003700018712,1
60003700018714,1
60003700018721,1
60003700018724,1
60003700018731,1
60003700018735,1
60003700018737,1
60003700018739,1
60003700018741,1
60003700018742,1
60003700018756,1
60003700018765,1
60003700018769,1
60003700018785,1
60003700018792,1
60003700018799,1
60003700018806,1
60003700018819,1
60003700018821,1
60003700018830,1
60003700018850,1
60003700018856,1
60003700018866,1
60003700018872,1
60003700018874,1
60003700018878,1
60003700018886,1
60003700018894,1
60003700018895,1
60003700018906,1
60003700018917,1
60003700018918,1
60003700018919,1
60003700018921,1
60003700018943,1
60003700018948,1
60003700018955,1
60003700018964,1
60003700018974,1
60003700018991,1
60003700019020,1
60003700019029,1
60003700019036,1
60003700019043,1
60003700019075,1
60003700019076,1
60003700019090,1
60003700019100,1
60003700019106,1
60003700019108,1
60003700019131,1
60003700019148,1
60003700019171,1
60003700019173,1
60003700019177,1
60003700019182,1
60003700019195,1
60003700019201,1
60003700019203,1
60003700019206,1
60003700019208,1
60003700019211,1
60003700019212,1
60003700019264,1
60003700019273,1
60003700019274,1
60003700019287,1
60003700019289,1
60003700019294,1
60003700019297,1
60003700019310,1
60003700019315,1
60003700019317,1
60003700019318,1
60003700019321,1
60003700019331,1
60003700019338,1
60003700019340,1
60003700019341,1
60003700019344,1
60003700019347,1
60003700019350,1
60003700019352,1
60003700019355,1
60003700019357,1
60003700019358,1
60003700019359,1
60003700019366,1
60003700019367,1
60003700019372,1
60003700019394,1
60003700019404,1
60003700019405,1
60003700019411,1
60003700019422,1
60003700019424,1
60003700019433,1
60003700019436,1
60003700019440,1
60003700019452,1
60003700019475,1
60003700019480,1
60003700019482,1
60003700019497,1
60003700019503,1
60003700019505,1
60003700019518,1
60003700019521,1
60003700019533,1
60003700019539,1
60003700019544,0
60003700019557,1
60003700019559,1
60003700019560,1
60003700019589,1
60003700019591,1
60003700019602,1
60003700019604,1
60003700019622,0
60003700019626,1
60003700019643,1
60003700019660,1
60003700019668,1
60003700019693,1
60003700019712,1
60003700019731,1
60003700019739,1
60003700019742,1
60003700019745,1
60003700019751,1
60003700019754,1
60003700019756,1
60003700019762,1
60003700019782,1
60003700019787,1
60003700019795,1
60003700019798,1
60003700019827,1
60003700019829,1
60003700019832,1
60003700019849,1
60003700019861,1
60003700019863,1
60003700019875,1
60003700019883,1
60003700019886,1
60003700019891,1
60003700019893,1
60003700019920,1
60003700019924,1
60003700019930,1
60003700019932,1
60003700019951,1
60003700019957,1
60003700019977,1
60003700019978,1
60003700019980,1
60003700019992,1
60003700020000,1
60003700020001,1
60003700020007,1
60003700020012,1
60003700020041,1
60003700020072,1
60003700020073,1
60003700020076,1
60003700020080,1
60003700020097,1
60003700020104,1
60003700020113,1
60003700020116,1
60003700016173,1
60003700016174,1
60003700016175,1
60003700016182,1
60003700016183,1
60003700016194,1
60003700020118,1
60003700020119,1
60003700020122,1
60003700020131,1
60003700020132,1
60003700020136,1
60003700020151,1
60003700020156,1
60003700020158,1
60003700020172,1
60003700020173,1
60003700020178,1
60003700020180,1
60003700020186,1
60003700020187,1
60003700020190,1
60003700020194,1
60003700020201,1
60003700020202,1
60003700020206,1
60003700020222,1
60003700020223,1
60003700016219,1
60003700016227,1
60003700016244,1
60003700016247,1
60003700016262,1
60003700016263,1
60003700016267,1
60003700016269,1
60003700016289,1
60003700016290,1
60003700016323,1
60003700016324,1
60003700016335,1
60003700016351,1
60003700016355,1
60003700016360,1
60003700016365,1
60003700016366,1
60003700016373,1
60003700016380,1
60003700016395,1
60003700016405,1
60003700016410,1
60003700016423,1
60003700016424,1
60003700016433,1
60003700016442,1
60003700016443,1
60003700016452,1
60003700020228,1
60003700020230,1
60003700020236,1
60003700016461,1
60003700016462,1
60003700016463,1
60003700016470,1
60003700016479,1
60003700016482,1
60003700016491,1
60003700016507,1
60003700016509,1
60003700016511,1
60003700016521,1
60003700016522,1
60003700016536,1
60003700016550,1
60003700016553,1
60003700016564,1
60003700016653,1
60003700020265,1
60003700016660,1
60003700016664,1
60003700016684,1
60003700016688,1
60003700016695,1
60003700016698,1
60003700016729,1
60003700020271,0
60003700020277,1
60003700020278,1
60003700020283,1
60003700020287,1
60003700020291,1
60003700020293,1
60003700020296,1
60003700020297,1
60003700020301,1
60003700020302,1
60003700020310,1
60003700020312,1
60003700020314,1
60003700020327,1
60003700020331,1
60003700020334,1
60003700020357,1
60003700020363,1
60003700020379,1
60003700020392,1
60003700020396,1
60003700020397,1
60003700020429,1
60003700020451,1
60003700020461,1
60003700020472,1
60003700020478,1
60003700020488,1
60003700020489,1
60003700016738,1
60003700016740,1
60003700016742,1
60003700016747,1
60003700016758,1
60003700016789,1
60003700016790,1
60003700016792,1
60003700016807,1
60003700016813,1
60003700020503,1
60003700020524,1
60003700020528,1
60003700020534,1
60003700020537,1
60003700020546,1
60003700020568,1
60003700020577,1
60003700020747,1
60003700020749,1
60003700016836,1
60003700016844,1
60003700016869,1
60003700016881,1
60003700016884,1
60003700016890,1
60003700016902,1
60003700016906,1
60003700016909,1
60003700016911,1
60003700016917,1
60003700016929,1
60003700016935,1
60003700016936,1
60003700016939,0
60003700016943,1
60003700016950,1
60003700016951,1
60003700016953,1
60003700016960,1
60003700016962,1
60003700016966,1
60003700016971,1
60003700016975,1
60003700017006,1
60003700017020,1
60003700017035,1
60003700017041,1
60003700017043,1
60003700017049,1
60003700017061,1
60003700017069,1
60003700017074,1
60003700017093,1
60003700017140,1
60003700017145,1
60003700017154,1
60003700017174,1
60003700017194,1
60003700017206,1
60003700017210,1
60003700017214,1
60003700017221,1
60003700017228,1
60003700017241,1
60003700017246,1
60003700017255,1
60003700017259,1
60003700017264,1
60003700017273,1
60003700017289,1
60003700017290,1
60003700017297,1
60003700017307,1
60003700017309,1
60003700017311,1
60003700017315,1
60003700017320,1
60003700017337,1
60003700017338,1
60003700017381,1
60003700017382,1
60003700017390,1
60003700017402,1
60003700017415,1
60003700017419,1
60003700017421,1
60003700017422,1
60003700017423,1
60003700017425,1
60003700017427,1
60003700017433,1
60003700017474,1
60003700017482,1
60003700017488,1
60003700017497,1
60003700017511,1
60003700017513,1
60003700017514,1
60003700017522,1
60003700017524,1
60003700020755,1
60003700020760,1
60003700020762,1
60003700020765,1
60003700020771,1
60003700020774,1
60003700020784,1
60003700020791,1
60003700017527,1
60003700017535,1
60003700017537,1
60003700017538,1
60003700017541,1
60003700017543,1
60003700017545,1
60003700017547,1
60003700017552,1
60003700017553,1
60003700017559,1
60003700017564,1
60003700017565,1
60003700017574,1
60003700017588,1
60003700017606,1
60003700017611,1
60003700017623,1
60003700017629,1
60003700017635,1
60003700017638,1
60003700017648,1
60003700017655,0
60003700017662,1
60003700017699,1
60003700017716,1
60003700017718,1
60003700017726,1
60003700017727,1
60003700017733,1
60003700017737,0
60003700017758,1
60003700017760,1
60003700017788,1
60003700017789,1
60003700017800,1
60003700017804,1
60003700017828,1
60003700017841,1
60003700017854,1
60003700017862,1
60003700017875,1
60003700017890,1
60003700017901,1
60003700017911,1
60003700017916,1
60003700017931,1
60003700017937,1
60003700017947,1
60003700017954,1
60003700017956,1
60003700017961,1
60003700017965,1
60003700017970,1
60003700017976,1
60003700017981,1
60003700017985,1
60003700017986,1
60003700017991,1
60003700018020,1
60003700018023,1
60003700018028,1
60003700018039,1
60003700018044,1
60003700018055,0
60003700018062,1
60003700018065,1
60003700018073,1
60003700018076,1
60003700018095,1
60003700018104,1
60003700018112,1
60003700018118,1
60003700018121,1
60003700018127,1
60003700018134,1
60003700018136,1
60003700018140,1
60003700018150,1
60003700018153,1
60003700018170,1
60003700018174,1
60003700018186,1
60003700018194,1
60003700018209,1
60003700018214,1
60003700018230,1
60003700018231,1
60003700018237,1
60003700018239,1
60003700018244,1
60003700018248,1
60003700018257,1
60003700018260,1
60003700018292,1
60003700018294,1
60003700018295,1
60003700018298,1
60003700018310,1
60003700018340,1
60003700018341,1
60003700018369,1
60003700018374,1
60003700018379,1
60003700018380,1
60003700018388,1
60003700018395,1
60003700018397,1
60003700018418,1
60003700018458,0
60003700018464,1
60003700018470,1
60003700018498,1
60003700018501,1
60003700018518,1
60003700018557,1
60003700018561,1
60003700018567,1
60003700018579,1
60003700018580,1
60003700018584,1
60003700018611,1
60003700018613,1
60003700022017,1
60003700022023,1
60003700022034,1
60003700022043,1
60003700022055,1
60003700022065,1
60003700022070,1
60003700022072,1
60003700022078,1
60003700022084,1
60003700022085,1
60003700022092,1
60003700022097,1
60003700022114,1
60003700022128,1
60003700019835,1
60003700019858,1
60003700019860,1
60003700019864,1
60003700019870,1
60003700019872,1
60003700019914,0
60003700019915,1
60003700019923,1
60003700019925,1
60003700019931,1
60003700019935,1
60003700019937,1
60003700019942,1
60003700019970,1
60003700019971,1
60003700019984,1
60003700019990,1
60003700019994,1
60003700020011,1
60003700020014,1
60003700020028,1
60003700020031,1
60003700020037,1
60003700020039,1
60003700020048,1
60003700020061,1
60003700020062,1
60003700020070,1
60003700020074,1
60003700020079,1
60003700020108,1
60003700020129,1
60003700020144,1
60003700020157,1
60003700020166,1
60003700020167,1
60003700020168,1
60003700020171,1
60003700020184,1
60003700020185,1
60003700020189,1
60003700020195,1
60003700020198,1
60003700020209,1
60003700020221,1
60003700020231,1
60003700020234,1
60003700022132,1
60003700022134,1
60003700022140,1
60003700022149,1
60003700022164,1
60003700022168,1
60003700022170,1
60003700022177,1
60003700022189,1
60003700022194,1
60003700022196,1
60003700022209,1
60003700022212,1
60003700022214,1
60003700022222,1
60003700022230,1
60003700022237,1
60003700022256,1
60003700022260,1
60003700022261,1
60003700022263,1
60003700022265,1
60003700022281,1
60003700022286,1
60003700022296,1
60003700022310,1
60003700022311,1
60003700022313,1
60003700022320,1
60003700022330,1
60003700022340,1
60003700022341,1
60003700022342,1
60003700022354,1
60003700022360,1
60003700022370,1
60003700022372,1
60003700022379,1
60003700022388,1
60003700022408,1
60003700022412,1
60003700022415,1
60003700022416,1
60003700022417,1
60003700022425,1
60003700022427,1
60003700022428,1
60003700022430,1
60003700022461,1
60003700022464,1
60003700022475,1
60003700022487,1
60003700022500,1
60003700022578,1
60003700022579,1
60003700022587,1
60003700022593,1
60003700022598,1
60003700022613,1
60003700022620,1
60003700022629,1
60003700022630,1
60003700022637,1
60003700022642,1
60003700022655,1
60003700022662,1
60003700022671,1
60003700022674,1
60003700022679,1
60003700022682,1
60003700022691,1
60003700022706,1
60003700022710,1
60003700022717,1
60003700022718,1
60003700022719,1
60003700022730,1
60003700022731,1
60003700022732,1
60003700022736,1
60003700022739,1
60003700022752,1
60003700022763,1
60003700022785,1
60003700022790,1
60003700022800,1
60003700022803,1
60003700022813,1
60003700022819,1
60003700022826,1
60003700022848,1
60003700022882,1
60003700022886,1
60003700022896,1
60003700022924,1
60003700022931,1
60003700022932,1
60003700022960,1
60003700022961,1
60003700022963,1
60003700022984,1
60003700022998,1
60003700023004,1
60003700023005,1
60003700023019,1
60003700023020,1
60003700023040,1
60003700023122,1
60003700023124,1
60003700023131,1
60003700023148,1
60003700023166,1
60003700023174,1
60003700023181,1
60003700023185,1
60003700023201,1
60003700023220,1
60003700023223,1
60003700023231,1
60003700023232,1
60003700023240,1
60003700023255,1
60003700023280,1
60003700023287,1
60003700023288,1
60003700023304,1
60003700023307,1
60003700023308,1
60003700023322,1
60003700023329,1
60003700023333,1
60003700023343,1
60003700023348,1
60003700023355,1
60003700023367,1
60003700023380,1
60003700023384,1
60003700023389,1
60003700023392,1
60003700023395,1
60003700023399,1
60003700023421,1
60003700023448,1
60003700023454,1
60003700023458,1
60003700023479,1
60003700023487,1
60003700023506,1
60003700023512,1
60003700023530,1
60003700023544,1
60003700023563,1
60003700023569,1
60003700023572,1
60003700023579,1
60003700023581,1
60003700023596,1
60003700023599,1
60003700023608,1
60003700023638,1
60003700023648,1
60003700023654,1
60003700023659,1
60003700023662,1
60003700023663,1
60003700023665,1
60003700023668,1
60003700023670,1
60003700023674,1
60003700023676,1
60003700023683,1
60003700023684,1
60003700023688,1
60003700023705,1
60003700023716,1
60003700023722,1
60003700023733,1
60003700023744,1
60003700023762,1
60003700023771,1
60003700023782,1
60003700023799,1
60003700023804,1
60003700023808,1
60003700023817,1
60003700023822,1
60003700023823,1
60003700023847,1
60003700023851,1
60003700023855,1
60003700023859,1
60003700023861,1
60003700023878,1
60003700023889,1
60003700023911,1
60003700023941,1
60003700023949,1
60003700023953,1
60003700023956,1
60003700023967,1
60003700023971,1
60003700023974,1
60003700023978,1
60003700023986,1
60003700023990,1
60003700023995,1
60003700023997,1
60003700024000,1
60003700024014,1
60003700024015,1
60003700024022,1
60003700024038,1
60003700024042,1
60003700024047,1
60003700024049,1
60003700024057,1
60003700024058,1
60003700024059,1
60003700024062,1
60003700024071,1
60003700024085,1
60003700024087,1
60003700024094,1
60003700024102,1
60003700024104,1
60003700024112,1
60003700024115,1
60003700024117,1
60003700024122,1
60003700024145,1
60003700024153,1
60003700024160,1
60003700024163,1
60003700024181,1
60003700024182,1
60003700024191,1
60003700024208,1
60003700024212,1
60003700024217,1
60003700024219,1
60003700024238,1
60003700024250,1
60003700024256,1
60003700024261,1
60003700024335,1
60003700024340,1
60003700024344,1
60003700024350,1
60003700024352,1
60003700024414,1
60003700024418,1
60003700024429,1
60003700024444,1
60003700024447,1
60003700024449,1
60003700024451,1
60003700024454,1
60003700024460,1
60003700024483,1
60003700024484,1
60003700024485,1
60003700024494,1
60003700024499,1
60003700024500,1
60003700024507,1
60003700024509,1
60003700024523,1
60003700024554,1
60003700020800,1
60003700020801,1
60003700020802,1
60003700020812,1
60003700020825,1
60003700020827,1
60003700020829,1
60003700020831,1
60003700020845,1
60003700020852,1
60003700020858,1
60003700020859,1
60003700020863,1
60003700020864,0
60003700000003,1
60003700000004,1
60003700000005,1
60003700000009,1
60003700000012,1
60003700000016,1
60003700000017,1
60003700000040,1
60003700000043,1
60003700000059,1
60003700000069,1
60003700000074,1
60003700000083,1
60003700000097,1
60003700020865,1
60003700020911,1
60003700020919,1
60003700020924,1
60003700020942,1
60003700020946,1
60003700020958,1
60003700000107,1
60003700000115,1
60003700020961,1
60003700000117,1
60003700020967,1
60003700000122,1
60003700020973,1
60003700000124,1
60003700000157,1
60003700000161,1
60003700000163,1
60003700000165,1
60003700000166,1
60003700000167,1
60003700000172,1
60003700000221,1
60003700000261,1
60003700000268,1
60003700000274,1
60003700000292,1
60003700000308,1
60003700020986,1
60003700020991,1
60003700021009,1
60003700021016,1
60003700021020,1
60003700000327,1
60003700000332,1
60003700000345,1
60003700000355,1
60003700000360,1
60003700000365,1
60003700000379,1
60003700000382,1
60003700000396,1
60003700000400,1
60003700000401,1
60003700000403,1
60003700000404,1
60003700000420,1
60003700000434,1
60003700000447,1
60003700000451,1
60003700000454,1
60003700000472,1
60003700000481,1
60003700000482,1
60003700000505,1
60003700000514,1
60003700000537,1
60003700000549,1
60003700000558,1
60003700000559,1
60003700000561,1
60003700000562,1
60003700000568,1
60003700000574,1
60003700000594,1
60003700000597,1
60003700000606,1
60003700000607,1
60003700000624,1
60003700000625,1
60003700000633,1
60003700000648,1
60003700000666,1
60003700000672,1
60003700000714,1
60003700000721,1
60003700000731,1
60003700000741,1
60003700000746,1
60003700000766,1
60003700000773,1
60003700000775,1
60003700000779,1
60003700000787,1
60003700000799,1
60003700000812,1
60003700000813,1
60003700000821,1
60003700000829,1
60003700000831,1
60003700000833,1
60003700000838,1
60003700000850,1
60003700000864,1
60003700000869,1
60003700021022,1
60003700021031,1
60003700021041,1
60003700021043,1
60003700000877,1
60003700000883,1
60003700000887,1
60003700000891,1
60003700000893,1
60003700000895,1
60003700000906,1
60003700000921,1
60003700000936,1
60003700000940,1
60003700000965,1
60003700000976,1
60003700000979,1
60003700000984,1
60003700000986,1
60003700000988,1
60003700001004,1
60003700001012,1
60003700001021,1
60003700001025,1
60003700001033,1
60003700001041,1
60003700001042,1
60003700021050,1
60003700021051,1
60003700021052,1
60003700021066,1
60003700001045,1
60003700021072,1
60003700021075,1
60003700001047,1
60003700001048,1
60003700001050,1
60003700001066,1
60003700001069,1
60003700001079,1
60003700001081,1
60003700001091,1
60003700001102,1
60003700001103,1
60003700001107,1
60003700001112,1
60003700001118,1
60003700001126,1
60003700001130,1
60003700001136,1
60003700001144,1
60003700001148,1
60003700001179,1
60003700001187,1
60003700021079,1
60003700021093,1
60003700021107,1
60003700021111,1
60003700021118,1
60003700021121,1
60003700001188,1
60003700001197,1
60003700001208,1
60003700001211,1
60003700001214,1
60003700001215,1
60003700001228,1
60003700001251,1
60003700001254,1
60003700021132,1
60003700021145,1
60003700021149,1
60003700021175,1
60003700021191,1
60003700021200,1
60003700021209,1
60003700021211,1
60003700021212,1
60003700021218,1
60003700021223,1
60003700021230,1
60003700021262,1
60003700021267,1
60003700021268,1
60003700021272,1
60003700021294,1
60003700021297,1
60003700021305,1
60003700021312,1
60003700021313,1
60003700021314,1
60003700001269,1
60003700001286,1
60003700001291,1
60003700001309,0
60003700001321,1
60003700001328,1
60003700001342,1
60003700001345,1
60003700001359,1
60003700001367,1
60003700001374,1
60003700001376,1
60003700001378,1
60003700001379,1
60003700001391,1
60003700001393,1
60003700001396,1
60003700001404,1
60003700001406,1
60003700001417,1
60003700001431,1
60003700001439,1
60003700001440,1
60003700001446,1
60003700001457,1
60003700001472,1
60003700001477,1
60003700001481,1
60003700001500,1
60003700001502,1
60003700001514,1
60003700001515,1
60003700001524,1
60003700001540,1
60003700001546,1
60003700001550,1
60003700001568,1
60003700001573,1
60003700001592,1
60003700001629,1
60003700001635,1
60003700001654,1
60003700001655,1
60003700001659,1
60003700001663,1
60003700001665,1
60003700001670,1
60003700001672,1
60003700001675,1
60003700001676,1
60003700001691,1
60003700001692,1
60003700001702,1
60003700001703,1
60003700001717,1
60003700001718,1
60003700001730,1
60003700001736,1
60003700001747,1
60003700001749,1
60003700013317,1
60003700013318,1
60003700013323,1
60003700013327,1
60003700013332,1
60003700013335,1
60003700013340,1
60003700013341,1
60003700013346,1
60003700013355,1
60003700013364,1
60003700020162,1
60003700020165,1
60003700020169,1
60003700020200,1
60003700020207,1
60003700020213,1
60003700020214,1
60003700020220,1
60003700020227,1
60003700020317,1
60003700020319,1
60003700020322,1
60003700020324,1
60003700020326,1
60003700020330,1
60003700020349,1
60003700013367,1
60003700013370,1
60003700020356,1
60003700013371,1
60003700020358,1
60003700020368,1
60003700020373,1
60003700020374,1
60003700020375,1
60003700020380,1
60003700020383,1
60003700020389,1
60003700020391,1
60003700020402,1
60003700020403,1
60003700020411,1
60003700020414,1
60003700020435,1
60003700020446,1
60003700020447,1
60003700020449,0
60003700020463,1
60003700020467,1
60003700020495,1
60003700020506,1
60003700020512,1
60003700020519,1
60003700020521,1
60003700020530,1
60003700020533,1
60003700020556,1
60003700020563,1
60003700020564,1
60003700020572,1
60003700020575,1
60003700020576,1
60003700020581,1
60003700020584,1
60003700020590,1
60003700020591,1
60003700020600,1
60003700020607,1
60003700020610,1
60003700020624,1
60003700020648,1
60003700020654,1
60003700013386,1
60003700013390,1
60003700013394,1
60003700013397,1
60003700013402,1
60003700013407,1
60003700013408,1
60003700013417,1
60003700013424,1
60003700020669,0
60003700020671,1
60003700020673,1
60003700020676,1
60003700020694,1
60003700020695,1
60003700020696,1
60003700020697,1
60003700020709,1
60003700020715,1
60003700020730,1
60003700013427,1
60003700013450,1
60003700013451,1
60003700013469,1
60003700013470,1
60003700020739,1
60003700021321,1
60003700021341,1
60003700021346,1
60003700021363,1
60003700021378,1
60003700021381,1
60003700021385,1
60003700021387,1
60003700021389,1
60003700021399,1
60003700021402,1
60003700021411,1
60003700021417,1
60003700021418,1
60003700021419,1
60003700021422,1
60003700021429,1
60003700021431,1
60003700021432,1
60003700021447,1
60003700021458,1
60003700021664,1
60003700021682,1
60003700021683,1
60003700021688,1
60003700021690,1
60003700021691,1
60003700021695,1
60003700021700,1
60003700021719,1
60003700021720,1
60003700021723,1
60003700021727,1
60003700021745,1
60003700021750,1
60003700021758,1
60003700021762,0
60003700021773,1
60003700021777,1
60003700021784,1
60003700021803,1
60003700021810,1
60003700021812,1
60003700021817,1
60003700021819,1
60003700021824,1
60003700021867,1
60003700021868,1
60003700021877,1
60003700021882,1
60003700021904,1
60003700021907,1
60003700021916,1
60003700021940,1
60003700021971,1
60003700021984,1
60003700021996,1
60003700021999,1
60003700022008,1
60003700022009,1
60003700025457,1
60003700025465,1
60003700025467,1
60003700025471,1
60003700004180,0
60003700004191,0
60003700004192,0
60003700004194,1
60003700004199,1
60003700004201,1
60003700004208,1
60003700004214,1
60003700004217,1
60003700004220,1
60003700004240,1
60003700004243,1
60003700004264,1
60003700004265,1
60003700004267,1
60003700004270,1
60003700004276,1
60003700004281,1
60003700004283,1
60003700004284,1
60003700004300,1
60003700004312,1
60003700004322,1
60003700004329,1
60003700004357,1
60003700004364,1
60003700004370,1
60003700004382,1
60003700004388,1
60003700004391,1
60003700004402,1
60003700004424,1
60003700004437,1
60003700004439,1
60003700004441,1
60003700004451,1
60003700004465,1
60003700004478,1
60003700025474,1
60003700025492,1
60003700025502,1
60003700025503,1
60003700025511,1
60003700004480,1
60003700004483,1
60003700004487,1
60003700004493,1
60003700004499,1
60003700004502,1
60003700004505,1
60003700004529,1
60003700004540,1
60003700004541,1
60003700004554,1
60003700004558,1
60003700004572,1
60003700004575,1
60003700004585,1
60003700004589,1
60003700004592,1
60003700004617,1
60003700004620,1
60003700004623,1
60003700004626,1
60003700004627,1
60003700004634,1
60003700004651,1
60003700004655,1
60003700004664,1
60003700004669,1
60003700004676,1
60003700004678,1
60003700004679,1
60003700004685,1
60003700004688,1
60003700004691,1
60003700004696,1
60003700004705,1
60003700004708,1
60003700004710,1
60003700004713,1
60003700004721,1
60003700004722,1
60003700004725,1
60003700004733,1
60003700004742,1
60003700004743,1
60003700004750,1
60003700004766,1
60003700004777,1
60003700004783,1
60003700004790,1
60003700004794,1
60003700004810,1
60003700004814,1
60003700004820,1
60003700004839,1
60003700004841,1
60003700001750,1
60003700001754,1
60003700001763,1
60003700001765,1
60003700001776,1
60003700001786,1
60003700001797,1
60003700001801,1
60003700001811,1
60003700001821,1
60003700001823,1
60003700001826,1
60003700001838,1
60003700001849,1
60003700001865,1
60003700001866,1
60003700001875,1
60003700001884,1
60003700001893,1
60003700001906,1
60003700001917,1
60003700001922,1
60003700001925,1
60003700001932,1
60003700001933,1
60003700001940,1
60003700001965,1
60003700001976,1
60003700001979,1
60003700001990,1
60003700001993,1
60003700002000,1
60003700002004,1
60003700002007,1
60003700002017,1
60003700002029,1
60003700002041,1
60003700002059,1
60003700002064,1
60003700002076,1
60003700002089,1
60003700002098,1
60003700002100,1
60003700002108,1
60003700002122,1
60003700002131,1
60003700002137,1
60003700002145,1
60003700002152,1
60003700002165,1
60003700002176,1
60003700002191,1
60003700002195,1
60003700002201,1
60003700002208,1
60003700002212,1
60003700002223,1
60003700002228,1
60003700002254,1
60003700002255,1
60003700002263,1
60003700002265,1
60003700002272,1
60003700002274,1
60003700002275,1
60003700002284,1
60003700002288,1
60003700002301,1
60003700025522,1
60003700025532,1
60003700025534,1
60003700025535,1
60003700025538,1
60003700025541,1
60003700025542,1
60003700025582,1
60003700025588,1
60003700025590,1
60003700024559,1
60003700024561,1
60003700024564,1
60003700024583,1
60003700024586,1
60003700024588,1
60003700024612,1
60003700024623,1
60003700024624,1
60003700024625,1
60003700024627,1
60003700024631,1
60003700024632,1
60003700024635,1
60003700024636,1
60003700024682,1
60003700025604,1
60003700024684,1
60003700024706,1
60003700024708,1
60003700024711,1
60003700024713,1
60003700024716,1
60003700024720,1
60003700024736,1
60003700024753,1
60003700024759,1
60003700024762,1
60003700024765,1
60003700024770,1
60003700024779,1
60003700024784,1
60003700024791,1
60003700024807,1
60003700024811,1
60003700024820,1
60003700024822,1
60003700024826,1
60003700024829,1
60003700024831,1
60003700024838,1
60003700024845,1
60003700024851,1
60003700024852,1
60003700024855,1
60003700024862,1
60003700024865,1
60003700024876,1
60003700024887,1
60003700024889,1
60003700024891,1
60003700024900,1
60003700024902,1
60003700024912,1
60003700024914,1
60003700024915,1
60003700024937,1
60003700024940,1
60003700024949,1
60003700024960,1
60003700024962,1
60003700025607,1
60003700025608,1
60003700025630,1
60003700024969,1
60003700024973,1
60003700024980,1
60003700024981,1
60003700024989,1
60003700025008,1
60003700025013,1
60003700025023,1
60003700025029,1
60003700025032,1
60003700025054,1
60003700025055,1
60003700025073,1
60003700025090,1
60003700025091,1
60003700025103,1
60003700025122,1
60003700025137,1
60003700025139,1
60003700025144,1
60003700025154,1
60003700025161,1
60003700025178,1
60003700025190,1
60003700025202,1
60003700025204,1
60003700025208,1
60003700025213,1
60003700025218,1
60003700025222,1
60003700025239,1
60003700025246,1
60003700025251,0
60003700025257,1
60003700025260,1
60003700025273,1
60003700025282,1
60003700025283,1
60003700025285,1
60003700025287,1
60003700025292,1
60003700025294,1
60003700025311,1
60003700025328,1
60003700025338,1
60003700025340,1
60003700025353,1
60003700025358,1
60003700025363,1
60003700025371,1
60003700025372,1
60003700025374,1
60003700025391,1
60003700025398,1
60003700025412,1
60003700025437,1
60003700025448,1
60003700025451,1
60003700025454,1
60003700025455,1
60003700025634,1
60003700025635,1
60003700003445,1
60003700003449,1
60003700003451,1
60003700003454,1
60003700003464,1
60003700003466,1
60003700003467,1
60003700003468,1
60003700003470,1
60003700003483,1
60003700003487,1
60003700003492,1
60003700003494,1
60003700003496,1
60003700003503,1
60003700003514,1
60003700003523,1
60003700003527,1
60003700003533,1
60003700003537,1
60003700003545,1
60003700003552,1
60003700003555,1
60003700003574,1
60003700003576,1
60003700003577,1
60003700003591,1
60003700003592,1
60003700003603,1
60003700003604,1
60003700003607,1
60003700003615,1
60003700003633,1
60003700003642,1
60003700003661,1
60003700003665,1
60003700003666,1
60003700003677,1
60003700003689,1
60003700003694,1
60003700003700,1
60003700003708,1
60003700003709,1
60003700003712,1
60003700003718,1
60003700003722,1
60003700003730,1
60003700003733,1
60003700003750,1
60003700003773,1
60003700003789,1
60003700003794,1
60003700003803,1
60003700003831,1
60003700003844,1
60003700003860,1
60003700003870,1
60003700003872,1
60003700003882,1
60003700003883,1
60003700003899,1
60003700003901,1
60003700003904,1
60003700003911,1
60003700003916,1
60003700003956,1
60003700003959,1
60003700003964,1
60003700003984,1
60003700003993,1
60003700003999,1
60003700004003,1
60003700004015,1
60003700004020,1
60003700004029,1
60003700004040,1
60003700004048,1
60003700004054,1
60003700004057,1
60003700004082,1
60003700004087,1
60003700004088,1
60003700004115,1
60003700004121,1
60003700004133,0
60003700004144,1
60003700004149,1
60003700004159,1
60003700004167,1
60003700004169,1
60003700004178,1
60003700002311,1
60003700002317,1
60003700002320,1
60003700002324,1
60003700002327,1
60003700002341,1
60003700002342,1
60003700002344,1
60003700002350,1
60003700002351,1
60003700002354,1
60003700002359,1
60003700002363,1
60003700002376,1
60003700002378,1
60003700002379,1
60003700002391,1
60003700002395,1
60003700002404,1
60003700002405,1
60003700002414,1
60003700002420,1
60003700002439,1
60003700002449,1
60003700002455,1
60003700002460,1
60003700002473,1
60003700002484,1
60003700002490,1
60003700002491,1
60003700002505,1
60003700002506,1
60003700002522,1
60003700002537,1
60003700002539,1
60003700002549,1
60003700002559,1
60003700002561,1
60003700002562,1
60003700002577,1
60003700002590,1
60003700002591,1
60003700002592,1
60003700002597,1
60003700002602,1
60003700002606,1
60003700002610,1
60003700002613,1
60003700002622,1
60003700002636,1
60003700002649,1
60003700002655,1
60003700002659,1
60003700002669,1
60003700002673,1
60003700002683,1
60003700002693,1
60003700002699,1
60003700002704,1
60003700002706,1
60003700002710,1
60003700002732,1
60003700002753,1
60003700002754,1
60003700002771,1
60003700002772,1
60003700002776,1
60003700002779,1
60003700002783,1
60003700002790,1
60003700002818,1
60003700002820,1
60003700002822,1
60003700002844,1
60003700002869,1
60003700002873,1
60003700002875,1
60003700002886,1
60003700002887,1
60003700002901,1
60003700002910,1
60003700002919,1
60003700002925,1
60003700002928,1
60003700002930,1
60003700002932,1
60003700002941,1
60003700002947,1
60003700002954,1
60003700002956,1
60003700002973,1
60003700002976,1
60003700002978,1
60003700002998,1
60003700003002,1
60003700003013,1
60003700003015,1
60003700003016,1
60003700003020,1
60003700003027,1
60003700003050,1
60003700003060,1
60003700003068,1
60003700003083,1
60003700003087,1
60003700003104,1
60003700003110,1
60003700003114,1
60003700003118,1
60003700003120,1
60003700003121,1
60003700003123,1
60003700003132,1
60003700003153,1
60003700003169,1
60003700003178,1
60003700003180,1
60003700003181,1
60003700003188,1
60003700003216,1
60003700003222,1
60003700003223,1
60003700003228,1
60003700003231,1
60003700003238,1
60003700003241,1
60003700003244,1
60003700003245,1
60003700003256,1
60003700003269,1
60003700003270,1
60003700003292,1
60003700003297,1
60003700003307,1
60003700003327,1
60003700003330,1
60003700003332,1
60003700003335,1
60003700003336,1
60003700003348,1
60003700003363,1
60003700003369,1
60003700003374,1
60003700003384,1
60003700003395,1
60003700003411,1
60003700003412,1
60003700003420,1
60003700003428,1
60003700003429,1
60003700003433,1
60003700003439,1
60003700003444,1
60003700001351,1
60003700001352,1
60003700001371,1
60003700001383,1
60003700001392,1
60003700001400,1
60003700001405,1
60003700001408,1
60003700001409,1
60003700001413,1
60003700001414,1
60003700001425,1
60003700001432,1
60003700001438,1
60003700001442,1
60003700001445,1
60003700001454,1
60003700001455,1
60003700001456,1
60003700001471,1
60003700001482,1
60003700001492,1
60003700001498,1
60003700001503,1
60003700001505,1
60003700001517,1
60003700001519,1
60003700001527,1
60003700001530,1
60003700001534,1
60003700001539,1
60003700001549,1
60003700001553,1
60003700001554,1
60003700001557,1
60003700001558,1
60003700001563,1
60003700001571,1
60003700001597,1
60003700001601,1
60003700001604,1
60003700001621,1
60003700001623,1
60003700001625,1
60003700001634,1
60003700001637,1
60003700001639,1
60003700001649,1
60003700001658,1
60003700001664,1
60003700001666,1
60003700001679,1
60003700001680,1
60003700001685,1
60003700001686,1
60003700001698,1
60003700001710,1
60003700001713,1
60003700001715,1
60003700001719,1
60003700001720,1
60003700001721,1
60003700001733,1
60003700001739,1
60003700001743,1
60003700001748,1
60003700001795,1
60003700001798,1
60003700001816,1
60003700001830,1
60003700001835,1
60003700001841,1
60003700001845,1
60003700001873,1
60003700001883,1
60003700001911,1
60003700001923,1
60003700001935,1
60003700001937,1
60003700001955,1
60003700001959,1
60003700001960,1
60003700001972,1
60003700001983,1
60003700000194,1
60003700000210,1
60003700000213,1
60003700000224,1
60003700000232,1
60003700000240,1
60003700000241,1
60003700000243,1
60003700000245,1
60003700000324,1
60003700000329,1
60003700025640,1
60003700025641,1
60003700025646,1
60003700025650,1
60003700025659,1
60003700025672,1
60003700025679,1
60003700025684,1
60003700025686,1
60003700025691,1
60003700025705,1
60003700025721,1
60003700000342,1
60003700000356,1
60003700000373,1
60003700000405,1
60003700000410,1
60003700000438,1
60003700000441,1
60003700000443,1
60003700000448,1
60003700000457,1
60003700000459,1
60003700000468,1
60003700000484,1
60003700000493,1
60003700000494,1
60003700000506,1
60003700000521,1
60003700000525,1
60003700000534,1
60003700000538,1
60003700000554,1
60003700000557,1
60003700000569,1
60003700000575,1
60003700000579,1
60003700000600,1
60003700000602,1
60003700000612,1
60003700000621,1
60003700000623,1
60003700000628,1
60003700000629,1
60003700000635,1
60003700000645,1
60003700000652,1
60003700000653,1
60003700000662,1
60003700000663,1
60003700000667,1
60003700000669,1
60003700000670,1
60003700000677,1
60003700000684,1
60003700000687,1
60003700000691,1
60003700000700,1
60003700000701,1
60003700000752,1
60003700004843,1
60003700004847,1
60003700004848,1
60003700004857,1
60003700004862,1
60003700004872,1
60003700004874,1
60003700004882,1
60003700004883,1
60003700004887,1
60003700004888,1
60003700004893,1
60003700004912,1
60003700004930,1
60003700004944,1
60003700004952,1
60003700004954,1
60003700004971,1
60003700004979,1
60003700005016,1
60003700005021,1
60003700005027,1
60003700005038,1
60003700005053,1
60003700005058,1
60003700005092,1
60003700005093,1
60003700005107,1
60003700005108,1
60003700005128,1
60003700005132,1
60003700005136,1
60003700005137,1
60003700005140,1
60003700005145,1
60003700005159,1
60003700005160,1
60003700005168,1
60003700005184,1
60003700005186,1
60003700005187,1
60003700005190,1
60003700005194,1
60003700005196,1
60003700005208,1
60003700005209,1
60003700005213,0
60003700005222,1
60003700005231,1
60003700005234,1
60003700005238,1
60003700005244,1
60003700005287,1
60003700025722,1
60003700025727,1
60003700025730,1
60003700025734,1
60003700025736,1
60003700025737,1
60003700025739,1
60003700025744,1
60003700025746,1
60003700025758,1
60003700025780,1
60003700025798,1
60003700025802,1
60003700025809,1
60003700005288,1
60003700005289,1
60003700005295,1
60003700005302,1
60003700005304,1
60003700005316,1
60003700005317,1
60003700005327,1
60003700005333,1
60003700005339,1
60003700005342,1
60003700005343,1
60003700005354,1
60003700005359,1
60003700005386,1
60003700005391,1
60003700005392,1
60003700005396,1
60003700005401,1
60003700005411,1
60003700005420,1
60003700005434,1
60003700005435,1
60003700005436,1
60003700005437,1
60003700005438,1
60003700005439,1
60003700005457,1
60003700005473,1
60003700005493,1
60003700005508,1
60003700005513,1
60003700005516,1
60003700005519,1
60003700005521,1
60003700005522,1
60003700005528,1
60003700005533,1
60003700005536,1
60003700005539,1
60003700005549,1
60003700005558,1
60003700005564,1
60003700005569,1
60003700005571,1
60003700005600,1
60003700005602,1
60003700005603,1
60003700005621,1
60003700005629,1
60003700005635,1
60003700005636,1
60003700025810,1
60003700025817,1
60003700025820,1
60003700025829,1
60003700025831,1
60003700025838,1
60003700005647,1
60003700005661,1
60003700025843,1
60003700025853,1
60003700025858,1
60003700005665,1
60003700005668,1
60003700005686,1
60003700005687,1
60003700005691,1
60003700005697,1
60003700005703,1
60003700005714,1
60003700025869,1
60003700025872,1
60003700005725,1
60003700005727,1
60003700005745,1
60003700005747,1
60003700005754,1
60003700005761,1
60003700005762,1
60003700005766,1
60003700005767,1
60003700005776,1
60003700005780,1
60003700005785,1
60003700005800,1
60003700005805,1
60003700005819,1
60003700025889,1
60003700005826,1
60003700005837,1
60003700005860,1
60003700005862,1
60003700005867,1
60003700005868,1
60003700005869,1
60003700005873,1
60003700005875,1
60003700005877,1
60003700005878,1
60003700005893,1
60003700005907,1
60003700005909,1
60003700005913,1
60003700005916,1
60003700005920,1
60003700005930,1
60003700005933,1
60003700005950,1
60003700005952,1
60003700005961,1
60003700005965,1
60003700005968,1
60003700005971,1
60003700005975,1
60003700005987,1
60003700005994,1
60003700006002,1
60003700006005,1
60003700006008,1
60003700006022,1
60003700006037,1
60003700006045,1
60003700006055,1
60003700006069,1
60003700006070,1
60003700006073,1
60003700006084,1
60003700006092,1
60003700006097,1
60003700006103,1
60003700006105,1
60003700006109,1
60003700006113,1
60003700006117,1
60003700006119,1
60003700006156,1
60003700006172,1
60003700006175,1
60003700006183,1
60003700006193,1
60003700006204,1
60003700006211,1
60003700006220,1
60003700006233,1
60003700006241,1
60003700006257,1
60003700006258,1
60003700006269,1
60003700006272,1
60003700006275,1
60003700006278,1
60003700006287,1
60003700006293,1
60003700006300,0
60003700006301,1
60003700006304,1
60003700006309,1
60003700006312,1
60003700006324,1
60003700006325,1
60003700006347,1
60003700006351,1
60003700006357,1
60003700006358,1
60003700006376,1
60003700006381,1
60003700006387,1
60003700006402,1
60003700006403,1
60003700025890,1
60003700006413,1
60003700006426,1
60003700006430,1
60003700006439,1
60003700006449,1
60003700006482,1
60003700006484,1
60003700006498,1
60003700006499,1
60003700006515,1
60003700006530,1
60003700006541,1
60003700006548,1
60003700006550,1
60003700006554,1
60003700006561,1
60003700006566,1
60003700006577,1
60003700006583,1
60003700006588,1
60003700006591,1
60003700006593,1
60003700006604,1
60003700006617,1
60003700006644,1
60003700006646,1
60003700006653,1
60003700006660,1
60003700006676,1
60003700006678,1
60003700006680,1
60003700006682,1
60003700006687,1
60003700006702,1
60003700006705,1
60003700006708,1
60003700006718,1
60003700006720,1
60003700006728,1
60003700006732,1
60003700006736,1
60003700006751,1
60003700006763,1
60003700006767,1
60003700006772,1
60003700006776,1
60003700006803,1
60003700006822,1
60003700006824,1
60003700006835,1
60003700006842,1
60003700006848,1
60003700006862,1
60003700006888,1
60003700006894,1
60003700006898,1
60003700006902,1
60003700006907,1
60003700006919,1
60003700006931,1
60003700006939,1
60003700006940,1
60003700006942,1
60003700006950,1
60003700006957,1
60003700006960,1
60003700006962,1
60003700006972,1
60003700006977,1
60003700006985,1
60003700006995,1
60003700007009,1
60003700007023,1
60003700007037,1
60003700007042,1
60003700007045,1
60003700007073,1
60003700007088,1
60003700007095,1
60003700007125,1
60003700007136,1
60003700025891,1
60003700025899,1
60003700025947,1
60003700025955,1
60003700025961,1
60003700025974,1
60003700025983,1
60003700025996,1
60003700026003,1
60003700026005,1
60003700026006,1
60003700026012,1
60003700026023,1
60003700026024,1
60003700026027,1
60003700026036,1
60003700026038,1
60003700026040,1
60003700026045,1
60003700026067,1
60003700026076,1
60003700026081,1
60003700026095,1
60003700026101,1
60003700026104,1
60003700026112,1
60003700026125,1
60003700026127,1
60003700026128,1
60003700026136,1
60003700026137,1
60003700026141,1
60003700026149,1
60003700026152,1
60003700026157,1
60003700026180,1
60003700026182,1
60003700026187,1
60003700026197,1
60003700026212,1
60003700026221,1
60003700026228,1
60003700026231,1
60003700026235,1
60003700026236,1
60003700026241,1
60003700026253,1
60003700026256,1
60003700026264,1
60003700026268,1
60003700026270,1
60003700026273,1
60003700026278,1
60003700026291,1
60003700026302,1
60003700026313,1
60003700026326,1
60003700026343,1
60003700026362,1
60003700026364,1
60003700026365,1
60003700026367,1
60003700026372,1
60003700026388,1
60003700026394,1
60003700026399,1
60003700026400,1
60003700026409,1
60003700026412,1
60003700026415,1
60003700026425,1
60003700026443,1
60003700026451,1
60003700026467,1
60003700026469,1
60003700026502,1
60003700026529,1
60003700026530,1
60003700026537,1
60003700007138,1
60003700007171,1
60003700007174,1
60003700007198,1
60003700007210,1
60003700007224,1
60003700007228,1
60003700007232,1
60003700007243,1
60003700007248,1
60003700007250,1
60003700007252,1
60003700007256,1
60003700007259,1
60003700007261,1
60003700007273,1
60003700026542,1
60003700007277,1
60003700007329,1
60003700007339,1
60003700026544,1
60003700007341,1
60003700007351,1
60003700007354,1
60003700007358,1
60003700007376,1
60003700026548,1
60003700026549,1
60003700007383,1
60003700007388,1
60003700007415,1
60003700026552,1
60003700026558,1
60003700026563,1
60003700026569,1
60003700007416,1
60003700007420,1
60003700007423,1
60003700007429,1
60003700007440,1
60003700007450,1
60003700007462,1
60003700007479,1
60003700007483,1
60003700007501,1
60003700007512,1
60003700007525,1
60003700007563,1
60003700007581,1
60003700007584,1
60003700026593,1
60003700007585,1
60003700007593,1
60003700007595,1
60003700007614,1
60003700007615,1
60003700007618,1
60003700007628,1
60003700007641,1
60003700007645,1
60003700007652,1
60003700007657,1
60003700007658,1
60003700026596,1
60003700026601,1
60003700026605,1
60003700026606,1
60003700026614,1
60003700026615,1
60003700026633,1
60003700026656,1
60003700026659,1
60003700026691,1
60003700026698,1
60003700026700,1
60003700026703,1
60003700026704,1
60003700007659,1
60003700026707,1
60003700026713,1
60003700026716,1
60003700026718,1
60003700026719,1
60003700026720,1
60003700026739,1
60003700026744,1
60003700026750,1
60003700026763,1
60003700026775,1
60003700007672,1
60003700007676,1
60003700007728,1
60003700007730,1
60003700007736,1
60003700007738,1
60003700007751,1
60003700007752,1
60003700026776,1
60003700026779,1
60003700026781,1
60003700026787,1
60003700026791,1
60003700007758,1
60003700007769,1
60003700007788,1
60003700007790,1
60003700007801,1
60003700007806,1
60003700007834,1
60003700007841,1
60003700007842,1
60003700007847,1
60003700007862,1
60003700007868,1
60003700007869,1
60003700007873,1
60003700007876,1
60003700007892,1
60003700007898,1
60003700026800,1
60003700026815,1
60003700026817,1
60003700026840,1
60003700026841,1
60003700026843,1
60003700026851,1
60003700007902,1
60003700007905,1
60003700007908,1
60003700026857,1
60003700007910,1
60003700026860,1
60003700007911,1
60003700026861,1
60003700007916,1
60003700007919,1
60003700026866,1
60003700026867,1
60003700007922,1
60003700007935,1
60003700007943,1
60003700007944,1
60003700007946,1
60003700007974,1
60003700007976,1
60003700007978,1
60003700007992,1
60003700008009,1
60003700008020,1
60003700008029,1
60003700008031,1
60003700008039,1
60003700008049,1
60003700008061,1
60003700008065,1
60003700008073,1
60003700008075,1
60003700008076,1
60003700008082,1
60003700008084,1
60003700008096,1
60003700008098,1
60003700008104,1
60003700008105,1
60003700008114,1
60003700008115,1
60003700008120,1
60003700008123,1
60003700008126,1
60003700008132,1
60003700008141,1
60003700008144,1
60003700008145,1
60003700008161,1
60003700008165,1
60003700008195,1
60003700026871,1
60003700026876,1
60003700026877,1
60003700026882,1
60003700026899,1
60003700026907,1
60003700026911,1
60003700026920,1
60003700026931,1
60003700026939,1
60003700026946,1
60003700026949,1
60003700026952,1
60003700026959,1
60003700008201,1
60003700008216,1
60003700008218,1
60003700008233,1
60003700008236,1
60003700008239,1
60003700008241,1
60003700008278,1
60003700008282,1
60003700008300,1
60003700008313,1
60003700008317,1
60003700008326,1
60003700008331,1
60003700008335,1
60003700008337,1
60003700008339,1
60003700008340,1
60003700008341,1
60003700008342,1
60003700008356,1
60003700008357,1
60003700008377,1
60003700008411,1
60003700008412,1
60003700008436,1
60003700008437,1
60003700008438,1
60003700008447,1
60003700008454,1
60003700008460,1
60003700008462,1
60003700008465,1
60003700008468,1
60003700008469,1
60003700008472,1
60003700008475,1
60003700008486,1
60003700008506,1
60003700008512,0
60003700008517,1
60003700008520,1
60003700008528,1
60003700008544,1
60003700008550,1
60003700008551,1
60003700008555,1
60003700008561,1
60003700008577,1
60003700008582,1
60003700008599,1
60003700008605,1
60003700008606,1
60003700008608,1
60003700008616,1
60003700008635,1
60003700008654,1
60003700008671,1
60003700008678,1
60003700008687,1
60003700008693,1
60003700008707,1
60003700008710,1
60003700008714,1
60003700008732,1
60003700008736,1
60003700008739,1
60003700008747,1
60003700008748,1
60003700008789,1
60003700008790,1
60003700008801,1
60003700008809,1
60003700008810,1
60003700008812,1
60003700008825,1
60003700008836,1
60003700008841,0
60003700008842,1
60003700008846,1
60003700008855,1
60003700008861,1
60003700008871,1
60003700008873,1
60003700008879,1
60003700008896,1
60003700008898,1
60003700008920,1
60003700008921,1
60003700008937,1
60003700008940,1
60003700008954,1
60003700008961,1
60003700008965,1
60003700008970,1
60003700008973,1
60003700008987,1
60003700008996,1
60003700009001,1
60003700009002,1
60003700009015,1
60003700009035,1
60003700009036,1
60003700009038,1
60003700009050,1
60003700009057,1
60003700009063,1
60003700009065,1
60003700009072,1
60003700009077,1
60003700009084,1
60003700026962,1
60003700026963,1
60003700026972,1
60003700027009,1
60003700027016,1
60003700027023,1
60003700027027,1
60003700027031,1
60003700027039,1
60003700027042,1
60003700027044,1
60003700027067,1
60003700027076,1
60003700027077,1
60003700027100,1
60003700027107,1
60003700027124,1
60003700027127,1
60003700027130,1
60003700027134,1
60003700027136,1
60003700027138,1
60003700027142,1
60003700027148,1
60003700027162,1
60003700027163,1
60003700027172,1
60003700027176,1
60003700027184,1
60003700027194,1
60003700027195,1
60003700027206,1
60003700027212,1
60003700027222,1
60003700000780,1
60003700000782,1
60003700000793,1
60003700000800,1
60003700000805,1
60003700000806,1
60003700000810,1
60003700000811,1
60003700000830,1
60003700000836,1
60003700000839,1
60003700000855,1
60003700000860,1
60003700000874,1
60003700000898,1
60003700000903,1
60003700000917,1
60003700000926,1
60003700000927,1
60003700000932,1
60003700000945,1
60003700000957,1
60003700000958,1
60003700000969,1
60003700000974,1
60003700000978,1
60003700000980,1
60003700000985,1
60003700000989,1
60003700000994,1
60003700001015,1
60003700001026,1
60003700001029,1
60003700001034,1
60003700001037,1
60003700001055,1
60003700001056,1
60003700001059,1
60003700001065,1
60003700001068,1
60003700001070,1
60003700001094,1
60003700001095,1
60003700001096,1
60003700001099,1
60003700001104,1
60003700001106,1
60003700001114,1
60003700001129,1
60003700001155,1
60003700001159,1
60003700001167,1
60003700001173,1
60003700001193,1
60003700001196,1
60003700001219,1
60003700001220,1
60003700001224,1
60003700001229,1
60003700001244,1
60003700001245,1
60003700001248,1
60003700001252,1
60003700001253,1
60003700001267,1
60003700001268,1
60003700001272,1
60003700001273,1
60003700001280,1
60003700001281,1
60003700001285,1
60003700001311,1
60003700001317,1
60003700001323,1
60003700001341,1
60003700001344,1
60003700001348,1
60003700021772,1
60003700021786,1
60003700021789,1
60003700021790,1
60003700021792,1
60003700021795,1
60003700021796,1
60003700021800,1
60003700021806,1
60003700021813,1
60003700021816,1
60003700021821,1
60003700021822,1
60003700021826,1
60003700021832,1
60003700021836,1
60003700021840,1
60003700021843,1
60003700021845,1
60003700021850,1
60003700021859,1
60003700021860,1
60003700021870,1
60003700021871,1
60003700021888,1
60003700021894,1
60003700021919,1
60003700021946,1
60003700013480,1
60003700013486,1
60003700013498,1
60003700013503,1
60003700013510,1
60003700013512,1
60003700013515,1
60003700013521,1
60003700013522,1
60003700013531,1
60003700013532,1
60003700013537,1
60003700013543,1
60003700013550,1
60003700013552,1
60003700013553,1
60003700013563,1
60003700013566,1
60003700013568,1
60003700013574,1
60003700013580,1
60003700013586,1
60003700013589,1
60003700013590,1
60003700013608,1
60003700013610,1
60003700013614,1
60003700013626,1
60003700013627,1
60003700013633,1
60003700013659,1
60003700013671,1
60003700013672,1
60003700013682,1
60003700013686,1
60003700013710,1
60003700013719,1
60003700013726,1
60003700013727,1
60003700013728,1
60003700013730,1
60003700013734,1
60003700013735,1
60003700013743,1
60003700013746,1
60003700013759,1
60003700013766,1
60003700013769,1
60003700013772,1
60003700013775,1
60003700013797,1
60003700013801,1
60003700013808,1
60003700013822,1
60003700013825,1
60003700013844,1
60003700013859,1
60003700013860,1
60003700013863,1
60003700013865,1
60003700013880,1
60003700013882,1
60003700013884,1
60003700013889,1
60003700013896,1
60003700013898,1
60003700013901,1
60003700013905,1
60003700013918,1
60003700013931,1
60003700013937,1
60003700013938,1
60003700013946,1
60003700013966,1
60003700013974,1
60003700013977,1
60003700013978,1
60003700020777,1
60003700020793,1
60003700020799,1
60003700020803,1
60003700020807,1
60003700020811,1
60003700020826,1
60003700020833,1
60003700020834,1
60003700020847,1
60003700020862,1
60003700020874,1
60003700020878,1
60003700020885,1
60003700020887,1
60003700020888,1
60003700020894,1
60003700020895,1
60003700020922,1
60003700020923,1
60003700020926,1
60003700020931,1
60003700020965,1
60003700020968,1
60003700020969,1
60003700020978,1
60003700020983,1
60003700020995,1
60003700021004,1
60003700021010,1
60003700021011,1
60003700021014,1
60003700021023,1
60003700021035,1
60003700021039,1
60003700021045,1
60003700021049,1
60003700021055,1
60003700021058,1
60003700021060,1
60003700021078,1
60003700021084,1
60003700021089,1
60003700021091,1
60003700021095,1
60003700021099,1
60003700021109,1
60003700001987,1
60003700002001,1
60003700002024,1
60003700002035,1
60003700002044,1
60003700002046,1
60003700002048,1
60003700002060,1
60003700027224,1
60003700027227,1
60003700027229,1
60003700027234,1
60003700027235,1
60003700027257,1
60003700027270,1
60003700027272,1
60003700027279,1
60003700027280,1
60003700027281,1
60003700027284,1
60003700027285,1
60003700027294,1
60003700027299,1
60003700027303,1
60003700027323,1
60003700027334,1
60003700027353,1
60003700027354,1
60003700027356,1
60003700027362,1
60003700027366,1
60003700027368,1
60003700027374,1
60003700027378,1
60003700027382,1
60003700027383,1
60003700027391,1
60003700027393,1
60003700027439,1
60003700027452,1
60003700027459,1
60003700027466,1
60003700027474,1
60003700027481,1
60003700027522,1
60003700027525,1
60003700027548,1
60003700027550,1
60003700027559,1
60003700027569,1
60003700027572,1
60003700027596,1
60003700027601,1
60003700027608,1
60003700027615,1
60003700027617,1
60003700027618,1
60003700027626,1
60003700027635,1
60003700027644,1
60003700027651,1
60003700027676,1
60003700027698,1
60003700027726,1
60003700027727,1
60003700027733,1
60003700027735,1
60003700027741,1
60003700027743,1
60003700027749,1
60003700027756,1
60003700027762,1
60003700027765,1
60003700027769,1
60003700027770,1
60003700027781,1
60003700027788,1
60003700027792,1
60003700027813,1
60003700027825,1
60003700027838,1
60003700027843,1
60003700027847,1
60003700027855,1
60003700027875,1
60003700027910,1
60003700027911,1
60003700027919,1
60003700027923,1
60003700027926,1
60003700027928,1
60003700027932,1
60003700027945,1
60003700027958,1
60003700027959,1
60003700027961,1
60003700027962,1
60003700027966,1
60003700027971,1
60003700027977,1
60003700027979,1
60003700027996,1
60003700028005,1
60003700028010,1
60003700028013,1
60003700028021,1
60003700028035,1
60003700028055,1
60003700028079,1
60003700028086,1
60003700021117,1
60003700021131,1
60003700021137,1
60003700021151,1
60003700021152,1
60003700021153,1
60003700021154,1
60003700021172,1
60003700021184,1
60003700021185,1
60003700021196,1
60003700021205,1
60003700021208,1
60003700021221,1
60003700021225,1
60003700021228,1
60003700021234,1
60003700021256,1
60003700021269,1
60003700021270,1
60003700021277,1
60003700021278,1
60003700021300,1
60003700021307,1
60003700021316,1
60003700021335,1
60003700021336,1
60003700021359,1
60003700021364,1
60003700021366,1
60003700021370,1
60003700021380,1
60003700021395,1
60003700021401,1
60003700021406,1
60003700021423,1
60003700021427,1
60003700021435,1
60003700021449,1
60003700021465,1
60003700021476,1
60003700021489,1
60003700021500,1
60003700021514,1
60003700021519,1
60003700021527,1
60003700021539,1
60003700021548,1
60003700021578,1
60003700021584,1
60003700021600,1
60003700021603,1
60003700021653,1
60003700021655,1
60003700021662,1
60003700021666,1
60003700021679,1
60003700021684,1
60003700021692,1
60003700021694,1
60003700021699,1
60003700021703,1
60003700021704,1
60003700021707,1
60003700021708,1
60003700021709,1
60003700021712,1
60003700021713,1
60003700021715,1
60003700021716,1
60003700021733,1
60003700021739,1
60003700021756,1
60003700021759,1
60003700012200,1
60003700012201,1
60003700012202,1
60003700012203,1
60003700012248,1
60003700012260,1
60003700012263,1
60003700012267,1
60003700012276,1
60003700012279,1
60003700012292,1
60003700012298,1
60003700012322,1
60003700012333,1
60003700012338,1
60003700012339,1
60003700012358,1
60003700012381,1
60003700012382,1
60003700012383,1
60003700012384,1
60003700012386,1
60003700012389,1
60003700012394,1
60003700012400,1
60003700012416,1
60003700012417,1
60003700012440,1
60003700012444,1
60003700012447,1
60003700012448,1
60003700012460,1
60003700012464,1
60003700012478,1
60003700012482,1
60003700012483,1
60003700012486,1
60003700012493,1
60003700012495,1
60003700012497,1
60003700012500,1
60003700012504,1
60003700012510,1
60003700012512,1
60003700012525,1
60003700012527,1
60003700012548,1
60003700012560,1
60003700012568,1
60003700012577,1
60003700012585,1
60003700012594,1
60003700012606,1
60003700012610,1
60003700012618,1
60003700012622,1
60003700012623,1
60003700012633,1
60003700012643,1
60003700012646,1
60003700012651,1
60003700012659,1
60003700012660,1
60003700012665,1
60003700012699,1
60003700012700,1
60003700012729,1
60003700012739,1
60003700012756,1
60003700012768,1
60003700012788,1
60003700012795,1
60003700012803,1
60003700012804,1
60003700012809,1
60003700012812,1
60003700012814,1
60003700012822,1
60003700012831,1
60003700012832,1
60003700012835,1
60003700012843,1
60003700012853,1
60003700012856,1
60003700012865,1
60003700012885,1
60003700012887,1
60003700012890,1
60003700012901,1
60003700012905,1
60003700012906,1
60003700012931,1
60003700012946,1
60003700012958,1
60003700012960,1
60003700012961,1
60003700010806,1
60003700010808,1
60003700012965,1
60003700012967,1
60003700012976,1
60003700010821,1
60003700010837,1
60003700012996,1
60003700013008,1
60003700013021,1
60003700013026,1
60003700013048,1
60003700013051,1
60003700013057,1
60003700013067,1
60003700013070,1
60003700013074,1
60003700013083,1
60003700013084,1
60003700013085,1
60003700013104,1
60003700013105,1
60003700013131,1
60003700013133,1
60003700010852,1
60003700010854,1
60003700010867,1
60003700010883,1
60003700010903,1
60003700010905,1
60003700010906,1
60003700010908,1
60003700013135,1
60003700013137,1
60003700013140,1
60003700013145,1
60003700013152,1
60003700013154,1
60003700013163,1
60003700013164,1
60003700013172,1
60003700013175,1
60003700010922,1
60003700010946,1
60003700013177,1
60003700010974,1
60003700013184,1
60003700013189,1
60003700013195,1
60003700013198,1
60003700013203,1
60003700013217,1
60003700013218,1
60003700013220,1
60003700013239,1
60003700013254,1
60003700010990,1
60003700010996,1
60003700010999,1
60003700008319,1
60003700008322,1
60003700008327,1
60003700009201,1
60003700009203,1
60003700009218,1
60003700009221,1
60003700009231,1
60003700009232,1
60003700009252,1
60003700009253,1
60003700009257,1
60003700009260,1
60003700009283,1
60003700009290,1
60003700009306,1
60003700009311,1
60003700009312,1
60003700009314,1
60003700009326,1
60003700009329,1
60003700009335,1
60003700009353,1
60003700009365,1
60003700009368,1
60003700009369,1
60003700009370,1
60003700009380,1
60003700009382,1
60003700009389,1
60003700009404,1
60003700009408,1
60003700009418,1
60003700009419,1
60003700009422,1
60003700009426,1
60003700009429,1
60003700009431,1
60003700009437,1
60003700009440,1
60003700009454,1
60003700009458,1
60003700009473,1
60003700009480,1
60003700009488,1
60003700009507,1
60003700008329,1
60003700008334,1
60003700008350,1
60003700008352,1
60003700008359,1
60003700008368,0
60003700008376,1
60003700008378,1
60003700008388,1
60003700008395,1
60003700008400,1
60003700008401,1
60003700008407,1
60003700008421,1
60003700008423,1
60003700008428,1
60003700008432,1
60003700008439,1
60003700008442,1
60003700008444,1
60003700008467,1
60003700008478,1
60003700008490,1
60003700009509,0
60003700008498,1
60003700009522,1
60003700008509,1
60003700008519,1
60003700009536,1
60003700008523,1
60003700008524,1
60003700008527,1
60003700009575,0
60003700009579,1
60003700009590,1
60003700009597,1
60003700009599,1
60003700009607,1
60003700009621,1
60003700009625,1
60003700009627,1
60003700009630,1
60003700009643,1
60003700009644,1
60003700009652,1
60003700009657,1
60003700009676,1
60003700009687,1
60003700009688,1
60003700009704,1
60003700009705,1
60003700009706,1
60003700009708,1
60003700009718,1
60003700009722,1
60003700009727,1
60003700009745,1
60003700009751,1
60003700009757,1
60003700009758,1
60003700009760,1
60003700009811,1
60003700009836,1
60003700009839,1
60003700009840,1
60003700009846,1
60003700009866,1
60003700009870,1
60003700009871,1
60003700009887,1
60003700009890,1
60003700009894,1
60003700009902,1
60003700009917,1
60003700009919,1
60003700009930,1
60003700009940,1
60003700008530,1
60003700008534,1
60003700008537,1
60003700008542,1
60003700009947,1
60003700009948,1
60003700010003,1
60003700010009,1
60003700008575,1
60003700008580,1
60003700010010,1
60003700008592,1
60003700010018,1
60003700008610,1
60003700008614,1
60003700008623,1
60003700008628,1
60003700008633,1
60003700008644,1
60003700008646,1
60003700010038,1
60003700010039,1
60003700010055,1
60003700010059,1
60003700010066,1
60003700008664,1
60003700008667,1
60003700008679,1
60003700008691,1
60003700008698,1
60003700008705,1
60003700008720,1
60003700008723,1
60003700008726,1
60003700008728,1
60003700008746,1
60003700008762,1
60003700008764,1
60003700008773,1
60003700008774,1
60003700008784,1
60003700008787,1
60003700008808,1
60003700008821,1
60003700008826,1
60003700008827,1
60003700008830,1
60003700008847,1
60003700008867,1
60003700011006,1
60003700008880,1
60003700008881,1
60003700008887,1
60003700008900,1
60003700010067,1
60003700010071,1
60003700010073,1
60003700010075,1
60003700010081,1
60003700010088,1
60003700010089,1
60003700010093,1
60003700010096,1
60003700010099,1
60003700011010,1
60003700011021,1
60003700011035,1
60003700011062,1
60003700011088,1
60003700011089,1
60003700011090,1
60003700011104,1
60003700011116,1
60003700011123,1
60003700011140,1
60003700010113,1
60003700011142,1
60003700010125,1
60003700010131,1
60003700010136,1
60003700010137,1
60003700010138,1
60003700010141,1
60003700010201,1
60003700010203,1
60003700010204,1
60003700010209,1
60003700010214,1
60003700011149,1
60003700010222,1
60003700010224,1
60003700010237,1
60003700011152,1
60003700010244,1
60003700010248,1
60003700010255,1
60003700010256,1
60003700010262,1
60003700010267,1
60003700010279,1
60003700010291,1
60003700010296,1
60003700010308,1
60003700010330,1
60003700010339,1
60003700010347,1
60003700011153,1
60003700010350,1
60003700010355,1
60003700010357,1
60003700010362,1
60003700010363,1
60003700010365,1
60003700010367,1
60003700011156,1
60003700011161,1
60003700011171,1
60003700010370,1
60003700010378,1
60003700010398,1
60003700010410,1
60003700010412,1
60003700010414,1
60003700010416,1
60003700010429,1
60003700010435,1
60003700010453,1
60003700010482,1
60003700010483,1
60003700010490,1
60003700010491,1
60003700010493,1
60003700010522,1
60003700010527,1
60003700010529,1
60003700010536,1
60003700010545,1
60003700010554,1
60003700010565,1
60003700010568,1
60003700010581,1
60003700010596,1
60003700010608,1
60003700010611,1
60003700010616,1
60003700010621,1
60003700010638,1
60003700010643,1
60003700010648,1
60003700010651,1
60003700010668,1
60003700010672,1
60003700010675,1
60003700010676,1
60003700010684,1
60003700010688,1
60003700010689,1
60003700010695,1
60003700010700,1
60003700010704,1
60003700010706,1
60003700010727,1
60003700010733,1
60003700010747,1
60003700010760,1
60003700010762,1
60003700010774,1
60003700010782,1
60003700010795,1
60003700008901,1
60003700008903,1
60003700008904,1
60003700008906,1
60003700008915,1
60003700008916,1
60003700008923,1
60003700009075,1
60003700009076,1
60003700009082,1
60003700009086,1
60003700009105,1
60003700009130,1
60003700009136,1
60003700009138,1
60003700009148,1
60003700009153,1
60003700009156,1
60003700009158,1
60003700009165,1
60003700009166,1
60003700009168,1
60003700009177,1
60003700009188,1
60003700009195,1
60003700009207,1
60003700009215,1
60003700009240,1
60003700009242,1
60003700009247,1
60003700009250,1
60003700009264,1
60003700009269,1
60003700009270,1
60003700009272,1
60003700009286,1
60003700009291,1
60003700009303,1
60003700009308,1
60003700009310,1
60003700009323,1
60003700009340,1
60003700009341,1
60003700009344,1
60003700009362,1
60003700009364,1
60003700009381,1
60003700009393,1
60003700009395,1
60003700009397,1
60003700010809,1
60003700010810,1
60003700010812,1
60003700010827,1
60003700010843,1
60003700010845,1
60003700010856,1
60003700010868,1
60003700010874,1
60003700010880,1
60003700010895,1
60003700010897,1
60003700010898,1
60003700010901,1
60003700010910,1
60003700010914,1
60003700010919,1
60003700010935,1
60003700010949,1
60003700010965,1
60003700010969,1
60003700010970,1
60003700010978,1
60003700010987,1
60003700010998,1
60003700011009,1
60003700011019,1
60003700011030,1
60003700011033,1
60003700011052,1
60003700011053,1
60003700011057,1
60003700011065,1
60003700011069,1
60003700011076,1
60003700011082,1
60003700011091,1
60003700011093,1
60003700011096,1
60003700011099,1
60003700011121,1
60003700011130,1
60003700011150,1
60003700011160,1
60003700011164,1
60003700011192,1
60003700011204,1
60003700011214,1
60003700011220,1
60003700009407,1
60003700009414,1
60003700009416,1
60003700009423,1
60003700009435,1
60003700009441,1
60003700009450,1
60003700009464,1
60003700009465,1
60003700009476,1
60003700009479,1
60003700009500,1
60003700009506,0
60003700009516,1
60003700009525,1
60003700009537,1
60003700009548,1
60003700009551,1
60003700009556,0
60003700009558,1
60003700009571,1
60003700011235,1
60003700011236,1
60003700011246,1
60003700011255,1
60003700011256,1
60003700011266,1
60003700011269,1
60003700011276,1
60003700011279,1
60003700011288,1
60003700011291,1
60003700011292,1
60003700011301,1
60003700011306,1
60003700011312,1
60003700011319,1
60003700011336,1
60003700011337,1
60003700011339,1
60003700011340,1
60003700011349,1
60003700011361,1
60003700011366,1
60003700011382,1
60003700011385,1
60003700011397,1
60003700011406,1
60003700011408,1
60003700011410,1
60003700011411,1
60003700011415,1
60003700011434,1
60003700011442,1
60003700011456,1
60003700011458,1
60003700011461,1
60003700011465,1
60003700011466,1
60003700011479,1
60003700011481,1
60003700011499,1
60003700011514,1
60003700011522,1
60003700011532,1
60003700011548,1
60003700011556,1
60003700011558,1
60003700011567,1
60003700011571,1
60003700011582,1
60003700011584,1
60003700011602,1
60003700011606,1
60003700011607,1
60003700011619,1
60003700011624,1
60003700011634,1
60003700011637,1
60003700011646,1
60003700011656,1
60003700011658,1
60003700011660,1
60003700011662,1
60003700011664,1
60003700011667,1
60003700011677,1
60003700011679,1
60003700009573,0
60003700009589,0
60003700009591,1
60003700009626,1
60003700009639,1
60003700009661,1
60003700011172,1
60003700011177,1
60003700011180,1
60003700011181,0
60003700011184,1
60003700011186,1
60003700011187,1
60003700011188,1
60003700011193,1
60003700011216,1
60003700011227,1
60003700011243,1
60003700011245,1
60003700011249,1
60003700011261,1
60003700011283,1
60003700011284,1
60003700011303,1
60003700011309,1
60003700011311,1
60003700011327,1
60003700011328,1
60003700011341,1
60003700011350,1
60003700011355,1
60003700011364,1
60003700011368,1
60003700013267,1
60003700013274,1
60003700013297,1
60003700013298,1
60003700013300,1
60003700013306,1
60003700013311,1
60003700013314,1
60003700013319,1
60003700013320,1
60003700013324,1
60003700013334,1
60003700013347,1
60003700013350,1
60003700013354,1
60003700013372,1
60003700013444,1
60003700013472,1
60003700013475,1
60003700013477,1
60003700013528,1
60003700013540,1
60003700013570,1
60003700013588,1
60003700013631,1
60003700013632,1
60003700013636,0
60003700013638,1
60003700013639,1
60003700013642,1
60003700013644,1
60003700013667,1
60003700013674,1
60003700013675,1
60003700013685,1
60003700013688,1
60003700013689,1
60003700013692,1
60003700013720,1
60003700013721,1
60003700013723,1
60003700013731,1
60003700013740,1
60003700013741,1
60003700013748,1
60003700013753,1
60003700013761,1
60003700013762,1
60003700013770,1
60003700013778,1
60003700013779,1
60003700013783,1
60003700013795,1
60003700013799,1
60003700013810,1
60003700013818,1
60003700013819,1
60003700013823,1
60003700013839,1
60003700013840,1
60003700013842,1
60003700013868,1
60003700013877,1
60003700013881,1
60003700013890,1
60003700013906,1
60003700013912,1
60003700013919,1
60003700013922,1
60003700013926,1
60003700013943,1
60003700013958,1
60003700013959,1
60003700013972,1
60003700013973,1
60003700013975,1
60003700013986,1
60003700013991,1
60003700013993,1
60003700014005,1
60003700014007,1
60003700014021,1
60003700014023,1
60003700014025,1
60003700014026,1
60003700014044,1
60003700014051,1
60003700009678,0
60003700009683,1
60003700009691,1
60003700009732,1
60003700009733,1
60003700011680,1
60003700011682,1
60003700011696,1
60003700011700,1
60003700011715,1
60003700011735,1
60003700011738,1
60003700011748,1
60003700011751,1
60003700011775,1
60003700011791,1
60003700011803,1
60003700009741,0
60003700009747,1
60003700009761,1
60003700009763,1
60003700009764,1
60003700009769,1
60003700009780,1
60003700009789,1
60003700009801,1
60003700009805,1
60003700009808,1
60003700009809,1
60003700009813,1
60003700009816,1
60003700009819,1
60003700009822,1
60003700009844,1
60003700009855,1
60003700011820,1
60003700011831,1
60003700011833,1
60003700011838,1
60003700011839,1
60003700011855,1
60003700011858,1
60003700011884,1
60003700011907,1
60003700011911,1
60003700011914,1
60003700011926,1
60003700011929,1
60003700011930,1
60003700009857,1
60003700009864,1
60003700009865,1
60003700009868,1
60003700009886,1
60003700009895,1
60003700009899,1
60003700009913,1
60003700009918,1
60003700009923,1
60003700009945,1
60003700009946,1
60003700009952,1
60003700009964,1
60003700009965,1
60003700009975,1
60003700009977,1
60003700009988,1
60003700009993,1
60003700009995,1
60003700009997,1
60003700010007,1
60003700010017,1
60003700010042,1
60003700010060,1
60003700010061,1
60003700010068,1
60003700010069,1
60003700010079,1
60003700010082,1
60003700010086,1
60003700010090,1
60003700010102,1
60003700010107,1
60003700010110,1
60003700010111,1
60003700010126,1
60003700010148,1
60003700010155,1
60003700010163,1
60003700010169,1
60003700010187,1
60003700010192,1
60003700010208,1
60003700010213,1
60003700010226,1
60003700010231,1
60003700010234,1
60003700010269,1
60003700010276,1
60003700010282,1
60003700010311,1
60003700010321,1
60003700010324,1
60003700010333,1
60003700010335,1
60003700010343,1
60003700010348,1
60003700010360,1
60003700010374,1
60003700010385,1
60003700010387,1
60003700010418,1
60003700010426,1
60003700010437,1
60003700010438,1
60003700010446,1
60003700010450,1
60003700010451,1
60003700010454,1
60003700010458,1
60003700010466,1
60003700010471,1
60003700010474,1
60003700010477,1
60003700010479,1
60003700010480,1
60003700010496,1
60003700010497,1
60003700010500,1
60003700010505,1
60003700010509,1
60003700010510,1
60003700010515,1
60003700010537,1
60003700010550,1
60003700010563,1
60003700010583,1
60003700010584,1
60003700010586,1
60003700010590,1
60003700010598,1
60003700010607,1
60003700010614,1
60003700010622,1
60003700010625,1
60003700010639,1
60003700010642,1
60003700010656,1
60003700010662,1
60003700010664,1
60003700010673,1
60003700011948,1
60003700011970,1
60003700011991,1
60003700011997,1
60003700011999,1
60003700012000,1
60003700012005,1
60003700012027,1
60003700012038,1
60003700010683,1
60003700010686,1
60003700010698,1
60003700010701,1
60003700010703,1
60003700010720,1
60003700012043,1
60003700012044,1
60003700012045,1
60003700010721,1
60003700010722,1
60003700010725,1
60003700010740,1
60003700010745,1
60003700010751,1
60003700010753,1
60003700010763,1
60003700010766,1
60003700010769,1
60003700010775,1
60003700010778,1
60003700012047,1
60003700012051,1
60003700012052,1
60003700012060,1
60003700012068,1
60003700012081,1
60003700010780,1
60003700010787,1
60003700010797,1
60003700012086,1
60003700012111,1
60003700012120,1
60003700012126,1
60003700012137,1
60003700012142,1
60003700012144,1
60003700012146,1
60003700012148,1
60003700012160,1
60003700012166,1
60003700012168,1
60003700012191,1
60003700012197,1
60003700004755,1
60003700004760,1
60003700004771,1
60003700004779,1
60003700004792,1
60003700004799,1
60003700004802,1
60003700004808,1
60003700004809,1
60003700004811,1
60003700004832,1
60003700004835,1
60003700004842,1
60003700004854,1
60003700004890,1
60003700004892,1
60003700004894,1
60003700004907,1
60003700004918,1
60003700004921,1
60003700004922,1
60003700004926,1
60003700004928,1
60003700004935,1
60003700004947,1
60003700004970,1
60003700004973,1
60003700004977,1
60003700004981,1
60003700004995,1
60003700004997,1
60003700004998,1
60003700005002,1
60003700005004,1
60003700005007,1
60003700005008,1
60003700005013,1
60003700005039,1
60003700005042,1
60003700005051,1
60003700005079,1
60003700005084,1
60003700005100,1
60003700005105,1
60003700005112,1
60003700005119,1
60003700005135,1
60003700005147,1
60003700005157,1
60003700005165,1
60003700005167,1
60003700005177,1
60003700007144,1
60003700007151,1
60003700007165,1
60003700007168,1
60003700007178,1
60003700007184,1
60003700007208,1
60003700007225,1
60003700007235,1
60003700007251,1
60003700005179,1
60003700005182,1
60003700005185,1
60003700005198,1
60003700005199,1
60003700005204,1
60003700005206,1
60003700005215,1
60003700005216,1
60003700005229,1
60003700005241,1
60003700005251,1
60003700005278,1
60003700005283,1
60003700005294,1
60003700005315,1
60003700005322,1
60003700005329,1
60003700005344,1
60003700005347,1
60003700005361,1
60003700005393,1
60003700005410,1
60003700005422,1
60003700005425,1
60003700005429,1
60003700005461,1
60003700005469,1
60003700005476,1
60003700005486,1
60003700005488,1
60003700005502,1
60003700005506,1
60003700005526,1
60003700005537,1
60003700005543,1
60003700005572,1
60003700005576,1
60003700005581,1
60003700005585,1
60003700005588,1
60003700005590,1
60003700005732,1
60003700005733,1
60003700005735,1
60003700005736,1
60003700005743,1
60003700005751,1
60003700005771,1
60003700005791,1
60003700005799,1
60003700005814,1
60003700005815,1
60003700005821,1
60003700005840,1
60003700005859,1
60003700005864,1
60003700005876,1
60003700005880,1
60003700005883,1
60003700005887,1
60003700010564,1
60003700010567,1
60003700010578,1
60003700010602,1
60003700010605,1
60003700010610,1
60003700010633,1
60003700010636,1
60003700010641,1
60003700010645,1
60003700010658,1
60003700005896,1
60003700005898,1
60003700005900,1
60003700005908,1
60003700005917,1
60003700005925,1
60003700005927,1
60003700005938,1
60003700005949,1
60003700005963,1
60003700005974,1
60003700005983,1
60003700005993,1
60003700005996,1
60003700010665,1
60003700010667,1
60003700010680,1
60003700010687,1
60003700010697,1
60003700010708,1
60003700010709,1
60003700010710,1
60003700010714,1
60003700010732,1
60003700010735,1
60003700010755,1
60003700010757,1
60003700010765,1
60003700010768,1
60003700010771,1
60003700010773,1
60003700010776,1
60003700010791,1
60003700010794,1
60003700010814,1
60003700009617,0
60003700009618,1
60003700009620,1
60003700009645,1
60003700009646,1
60003700009651,1
60003700009659,1
60003700010822,1
60003700009660,1
60003700009672,1
60003700009680,1
60003700009703,1
60003700009710,1
60003700009712,1
60003700009715,1
60003700009719,1
60003700009721,1
60003700009731,1
60003700009736,1
60003700009753,1
60003700009762,1
60003700009767,1
60003700010838,1
60003700009781,1
60003700009812,1
60003700009814,1
60003700009818,1
60003700009821,1
60003700009827,1
60003700009832,1
60003700009835,1
60003700009847,1
60003700009859,1
60003700009873,1
60003700009883,1
60003700009884,1
60003700009885,1
60003700009889,1
60003700009893,1
60003700009901,0
60003700009908,1
60003700009920,1
60003700009941,1
60003700009944,1
60003700009949,1
60003700009957,1
60003700009979,1
60003700009980,1
60003700009982,1
60003700009984,1
60003700009987,1
60003700010011,1
60003700010030,1
60003700010035,1
60003700010053,1
60003700010057,1
60003700010062,1
60003700010076,1
60003700010080,1
60003700010084,1
60003700010095,1
60003700010840,1
60003700010848,1
60003700010100,1
60003700010101,1
60003700010103,1
60003700010108,1
60003700010112,1
60003700010114,1
60003700010130,1
60003700010156,1
60003700010159,1
60003700010160,1
60003700010164,1
60003700010171,1
60003700010175,1
60003700010178,1
60003700010179,1
60003700010180,1
60003700010189,1
60003700010207,1
60003700010223,1
60003700010253,1
60003700010268,1
60003700010270,1
60003700010274,1
60003700010284,1
60003700010285,1
60003700010293,1
60003700010295,1
60003700010298,1
60003700010301,1
60003700010304,1
60003700010305,1
60003700010306,1
60003700010309,1
60003700010312,1
60003700010315,1
60003700010327,1
60003700010328,1
60003700010331,1
60003700010344,1
60003700010346,1
60003700010356,1
60003700010381,1
60003700010403,1
60003700010406,1
60003700010413,1
60003700010420,1
60003700010430,1
60003700010431,1
60003700010444,1
60003700010457,1
60003700010459,1
60003700010462,1
60003700010464,1
60003700010470,1
60003700010495,1
60003700010502,1
60003700010514,1
60003700010542,1
60003700010544,1
60003700010547,1
60003700010555,1
60003700010556,1
60003700010557,0
60003700007270,1
60003700007278,1
60003700007284,1
60003700007289,1
60003700007293,1
60003700007296,1
60003700007316,1
60003700007325,1
60003700007333,1
60003700007334,1
60003700007345,1
60003700007346,1
60003700009585,0
60003700007349,1
60003700007366,1
60003700007377,1
60003700007401,1
60003700007414,1
60003700007424,1
60003700007439,1
60003700007448,1
60003700007452,1
60003700007457,1
60003700007461,1
60003700007467,1
60003700007481,1
60003700007489,1
60003700007495,1
60003700007497,1
60003700007504,1
60003700007533,1
60003700007535,1
60003700007537,1
60003700007544,1
60003700007556,1
60003700007559,1
60003700007562,1
60003700007567,1
60003700007569,1
60003700007570,1
60003700007573,1
60003700007600,1
60003700007601,1
60003700007622,1
60003700007633,1
60003700007647,1
60003700007660,1
60003700007662,1
60003700007670,1
60003700007680,1
60003700007687,1
60003700007692,1
60003700007697,1
60003700007709,1
60003700007712,1
60003700009600,0
60003700007713,1
60003700007721,1
60003700007739,1
60003700007741,1
60003700007753,1
60003700009604,1
60003700007763,1
60003700007771,1
60003700007772,1
60003700007779,1
60003700007784,1
60003700011674,1
60003700011681,1
60003700011687,1
60003700011692,1
60003700011693,1
60003700011705,1
60003700011708,1
60003700011727,1
60003700011740,1
60003700011741,1
60003700011754,1
60003700011757,1
60003700011764,1
60003700011781,1
60003700011785,1
60003700011797,1
60003700011812,1
60003700011816,1
60003700011823,1
60003700011843,1
60003700011852,1
60003700011860,1
60003700011873,1
60003700011875,1
60003700011879,1
60003700011893,1
60003700011894,1
60003700011895,1
60003700011920,1
60003700011922,1
60003700011923,1
60003700011927,1
60003700011931,1
60003700011933,1
60003700011953,1
60003700011954,1
60003700011971,1
60003700011973,1
60003700011975,1
60003700011979,1
60003700012013,1
60003700012014,1
60003700012017,1
60003700012023,1
60003700012036,1
60003700012050,1
60003700012062,1
60003700012066,1
60003700012070,1
60003700012079,1
60003700012085,1
60003700012087,1
60003700012092,1
60003700012106,1
60003700012115,1
60003700012116,1
60003700012133,1
60003700012145,1
60003700012154,1
60003700012178,1
60003700012180,1
60003700012198,1
60003700012199,1
60003700012204,1
60003700012206,1
60003700012209,1
60003700012210,1
60003700012239,1
60003700012240,1
60003700012244,1
60003700012247,1
60003700012257,1
60003700012266,1
60003700012268,1
60003700012270,1
60003700012274,1
60003700012278,1
60003700012286,1
60003700012288,1
60003700012295,1
60003700012297,1
60003700012307,1
60003700012309,1
60003700012317,1
60003700012320,1
60003700012324,1
60003700012331,1
60003700012342,1
60003700012344,1
60003700012345,1
60003700012351,1
60003700012353,1
60003700012361,0
60003700012370,1
60003700012374,1
60003700012392,1
60003700012401,1
60003700012403,1
60003700012431,1
60003700012432,1
60003700012437,1
60003700012446,1
60003700012459,1
60003700012467,1
60003700012470,1
60003700012473,1
60003700012494,1
60003700012507,1
60003700012513,1
60003700012531,1
60003700012546,1
60003700012550,1
60003700012553,1
60003700012621,1
60003700012625,1
60003700012629,1
60003700012631,1
60003700012650,1
60003700012657,1
60003700012662,1
60003700012668,1
60003700012669,1
60003700012679,1
60003700012684,1
60003700012689,1
60003700012707,1
60003700012709,1
60003700012711,1
60003700012717,1
60003700005998,1
60003700005999,1
60003700006003,1
60003700012721,1
60003700012726,1
60003700012731,1
60003700012737,1
60003700012745,1
60003700012753,1
60003700012780,1
60003700012785,1
60003700012786,1
60003700012789,1
60003700012791,1
60003700012792,1
60003700012793,1
60003700012801,1
60003700012802,1
60003700012806,1
60003700012811,1
60003700012815,1
60003700012818,1
60003700012824,1
60003700012825,1
60003700006028,1
60003700012830,1
60003700006046,1
60003700006066,1
60003700006071,1
60003700006076,1
60003700006079,1
60003700006082,1
60003700006090,1
60003700006095,1
60003700006121,1
60003700006123,1
60003700006130,1
60003700006137,1
60003700006141,1
60003700006142,1
60003700006143,1
60003700012838,1
60003700006144,1
60003700006147,1
60003700006161,1
60003700006169,1
60003700012844,1
60003700012866,1
60003700012880,1
60003700012896,1
60003700012897,1
60003700012908,1
60003700012918,1
60003700012927,1
60003700012928,1
60003700012935,1
60003700012938,1
60003700012943,1
60003700012948,1
60003700012959,1
60003700012963,1
60003700012971,1
60003700012972,1
60003700012980,1
60003700012986,1
60003700012998,1
60003700013011,1
60003700013016,1
60003700013017,1
60003700013019,1
60003700013035,1
60003700013058,1
60003700013069,1
60003700013073,1
60003700013092,1
60003700013096,1
60003700013103,1
60003700013106,1
60003700013113,1
60003700013142,1
60003700013158,1
60003700013167,1
60003700013187,1
60003700013188,1
60003700013190,1
60003700013211,1
60003700013222,1
60003700013223,1
60003700013225,1
60003700013229,1
60003700013231,1
60003700013233,1
60003700013237,1
60003700013240,1
60003700013248,1
60003700013251,1
60003700006176,1
60003700006197,1
60003700006213,1
60003700006215,1
60003700006218,1
60003700006226,1
60003700006249,1
60003700006259,1
60003700006263,1
60003700006264,1
60003700006286,1
60003700006291,1
60003700006297,1
60003700006302,1
60003700006307,1
60003700006313,1
60003700006316,1
60003700006318,1
60003700006320,1
60003700006328,1
60003700006329,1
60003700006331,1
60003700006333,1
60003700006350,1
60003700006356,1
60003700006367,1
60003700006369,1
60003700006371,1
60003700006373,1
60003700006375,1
60003700006404,1
60003700006429,1
60003700006435,1
60003700006446,1
60003700006448,1
60003700006464,1
60003700006481,1
60003700006492,1
60003700006503,1
60003700006504,1
60003700006505,1
60003700006517,1
60003700013260,1
60003700013266,1
60003700013271,1
60003700013272,1
60003700013277,1
60003700013290,1
60003700013294,1
60003700013302,1
60003700013310,1
60003700013312,1
60003700013328,1
60003700013329,1
60003700013330,1
60003700013351,1
60003700013353,1
60003700013357,1
60003700013358,1
60003700013361,1
60003700013365,1
60003700013368,1
60003700013379,1
60003700013411,1
60003700013413,1
60003700013420,1
60003700013426,1
60003700013431,1
60003700013446,1
60003700013447,1
60003700013463,1
60003700013474,1
60003700013483,1
60003700013491,1
60003700013493,1
60003700013496,1
60003700013501,1
60003700013502,1
60003700013520,1
60003700013525,1
60003700013535,1
60003700013544,1
60003700013545,1
60003700013560,1
60003700013567,1
60003700013582,1
60003700013583,1
60003700013584,1
60003700013585,1
60003700006520,1
60003700006532,1
60003700006533,1
60003700006539,1
60003700006557,1
60003700006568,1
60003700006574,1
60003700006575,1
60003700006600,1
60003700006614,1
60003700006615,1
60003700006626,1
60003700006638,1
60003700006658,1
60003700006672,1
60003700006674,1
60003700006679,1
60003700006692,1
60003700006698,1
60003700006707,1
60003700006715,1
60003700006730,1
60003700006733,1
60003700006735,1
60003700006742,1
60003700006755,1
60003700006760,1
60003700006765,1
60003700006777,1
60003700006779,1
60003700006780,1
60003700006786,1
60003700006795,1
60003700006798,1
60003700006800,1
60003700006801,1
60003700006805,1
60003700006806,1
60003700006821,1
60003700006841,1
60003700006844,1
60003700006855,1
60003700006872,1
60003700006881,1
60003700006884,1
60003700006886,1
60003700006901,1
60003700006912,1
60003700013598,1
60003700013616,1
60003700013624,1
60003700013641,1
60003700013687,1
60003700013693,1
60003700028089,1
60003700028102,1
60003700028109,1
60003700028110,1
60003700028140,1
60003700028143,1
60003700028146,1
60003700028148,1
60003700028151,1
60003700028160,1
60003700028163,1
60003700028173,1
60003700028175,1
60003700028183,1
60003700028187,1
60003700028192,1
60003700028194,1
60003700028196,1
60003700028204,1
60003700028205,1
60003700028230,1
60003700028231,1
60003700028250,1
60003700028251,1
60003700028262,1
60003700028269,1
60003700028270,1
60003700028271,1
60003700028273,1
60003700028276,1
60003700028286,1
60003700028292,1
60003700028301,1
60003700028305,1
60003700028310,1
60003700028313,1
60003700028318,1
60003700028321,1
60003700028326,1
60003700028330,1
60003700028339,1
60003700028350,1
60003700028359,1
60003700028368,1
60003700006916,1
60003700006938,1
60003700006947,1
60003700006951,1
60003700006954,1
60003700028370,1
60003700028388,1
60003700028405,1
60003700009090,1
60003700009097,1
60003700009103,1
60003700009142,0
60003700009149,1
60003700009155,1
60003700009161,1
60003700009173,1
60003700009174,1
60003700009175,1
60003700009190,1
60003700009193,1
60003700009194,1
60003700009197,1
60003700009200,1
60003700009202,1
60003700009204,1
60003700009214,1
60003700009227,1
60003700009229,1
60003700009236,1
60003700009246,1
60003700009256,1
60003700009258,1
60003700009261,0
60003700009265,1
60003700009267,1
60003700009273,1
60003700009274,1
60003700009284,1
60003700009285,1
60003700009298,1
60003700009304,1
60003700009315,1
60003700009318,1
60003700009324,1
60003700009376,1
60003700009379,1
60003700009386,1
60003700009394,1
60003700009396,1
60003700009406,1
60003700009424,1
60003700009428,1
60003700009438,1
60003700009463,1
60003700009467,1
60003700009470,1
60003700009475,1
60003700009487,1
60003700009491,1
60003700009498,1
60003700009499,1
60003700009513,0
60003700009529,0
60003700009538,1
60003700009539,1
60003700009546,0
60003700009547,0
60003700009555,1
60003700009566,0
60003700009583,1
60003700028411,1
60003700028419,1
60003700028421,1
60003700028434,1
60003700028440,1
60003700028442,1
60003700028453,1
60003700028476,1
60003700028478,1
60003700028481,1
60003700028486,1
60003700028507,1
60003700028525,1
60003700028571,1
60003700028572,1
60003700028574,1
60003700028576,1
60003700028580,1
60003700028594,1
60003700028612,1
60003700028620,1
60003700028629,1
60003700028632,1
60003700028650,1
60003700028669,1
60003700028685,1
60003700028690,1
60003700028692,1
60003700028727,1
60003700028729,0
60003700028731,1
60003700028733,1
60003700028758,1
60003700028761,1
60003700028762,1
60003700028767,1
60003700028778,1
60003700028786,1
60003700028802,1
60003700028811,1
60003700028816,1
60003700028819,1
60003700028820,1
60003700028821,1
60003700028826,1
60003700028828,1
60003700028844,1
60003700028855,1
60003700028856,1
60003700028858,1
60003700028875,1
60003700028882,1
60003700028889,1
60003700028902,1
60003700028906,1
60003700028909,1
60003700028911,1
60003700011373,1
60003700011380,1
60003700011395,1
60003700011418,1
60003700011429,1
60003700011431,1
60003700011440,1
60003700011443,1
60003700011446,1
60003700011469,1
60003700011488,1
60003700011492,1
60003700011503,1
60003700011504,1
60003700011512,1
60003700011529,1
60003700011539,1
60003700011540,1
60003700011544,1
60003700011554,1
60003700011562,1
60003700011573,1
60003700011594,1
60003700011597,1
60003700011598,1
60003700006956,1
60003700006967,1
60003700006982,1
60003700006997,1
60003700007017,1
60003700007018,1
60003700007019,1
60003700007029,1
60003700007031,1
60003700007039,1
60003700007043,1
60003700007062,1
60003700007064,1
60003700007068,1
60003700007082,1
60003700011603,1
60003700011605,1
60003700011618,1
60003700011632,1
60003700011636,1
60003700011642,1
60003700011648,1
60003700007083,1
60003700007087,1
60003700007089,1
60003700007097,1
60003700007102,1
60003700007106,1
60003700007110,1
60003700007112,1
60003700007115,1
60003700007116,1
60003700007128,1
60003700007134,1
60003700011652,1
60003700011671,1
60003700004546,1
60003700004570,1
60003700004581,1
60003700004597,1
60003700004614,1
60003700004621,1
60003700004624,1
60003700004643,1
60003700004645,1
60003700004646,1
60003700004650,1
60003700004652,1
60003700004668,1
60003700004674,1
60003700004675,1
60003700004687,1
60003700004689,1
60003700004694,1
60003700004695,1
60003700004698,1
60003700004700,1
60003700004703,1
60003700004704,1
60003700004734,1
60003700004752,1
60003700000715,1
60003700000716,1
60003700000719,1
60003700000728,1
60003700000738,1
60003700000748,1
60003700000755,1
60003700000765,1
60003700000770,1
60003700000772,1
60003700000778,1
60003700000781,1
60003700000792,1
60003700000794,1
60003700000797,1
60003700000798,1
60003700000802,1
60003700000808,1
60003700000824,1
60003700013990,1
60003700013994,1
60003700013995,1
60003700014004,1
60003700014011,1
60003700014012,1
60003700014020,1
60003700014029,1
60003700014036,1
60003700014057,1
60003700014065,1
60003700014072,1
60003700014075,1
60003700014121,1
60003700014138,1
60003700014139,1
60003700014149,1
60003700014160,1
60003700014171,1
60003700014187,1
60003700014192,1
60003700014210,1
60003700014217,1
60003700014228,1
60003700014232,1
60003700014238,1
60003700014240,1
60003700014249,1
60003700014253,1
60003700014268,1
60003700014271,1
60003700014275,1
60003700014285,1
60003700014294,1
60003700014303,1
60003700014312,1
60003700014319,1
60003700014325,1
60003700014329,1
60003700014345,1
60003700014347,1
60003700014350,1
60003700014375,1
60003700014402,1
60003700014413,1
60003700014417,1
60003700014419,1
60003700014424,1
60003700014429,1
60003700014471,1
60003700014473,1
60003700014481,1
60003700014484,1
60003700014485,1
60003700014494,1
60003700014500,1
60003700014509,1
60003700014538,1
60003700014542,1
60003700014543,1
60003700014555,1
60003700014567,1
60003700014582,1
60003700014583,1
60003700014587,1
60003700014606,1
60003700014629,1
60003700014635,1
60003700014648,1
60003700014674,1
60003700014685,1
60003700014711,1
60003700014719,1
60003700014721,1
60003700014738,1
60003700014747,1
60003700014749,1
60003700014777,1
60003700014781,1
60003700014787,1
60003700014793,1
60003700014797,1
60003700014818,1
60003700014822,1
60003700014825,1
60003700014829,1
60003700014848,1
60003700014868,1
60003700014871,1
60003700014873,1
60003700014876,1
60003700014879,1
60003700014880,1
60003700014881,1
60003700014882,1
60003700014884,1
60003700014885,1
60003700014901,1
60003700014903,1
60003700014908,1
60003700014912,1
60003700014923,1
60003700014926,1
60003700014932,1
60003700014943,1
60003700014950,1
60003700014963,1
60003700014968,1
60003700014972,1
60003700014974,1
60003700014980,1
60003700014982,1
60003700014990,1
60003700000827,1
60003700000842,1
60003700000856,1
60003700000863,1
60003700000867,1
60003700029195,1
60003700029202,1
60003700029225,1
60003700029241,1
60003700029256,1
60003700029259,1
60003700029270,1
60003700029273,1
60003700029279,1
60003700029283,1
60003700029299,1
60003700029303,1
60003700029304,1
60003700029306,1
60003700029318,1
60003700029320,1
60003700029322,0
60003700029328,1
60003700000870,1
60003700000873,1
60003700000896,1
60003700000900,1
60003700000902,1
60003700000911,1
60003700000915,1
60003700000916,1
60003700000923,1
60003700000924,1
60003700000929,1
60003700000941,1
60003700000943,1
60003700000955,1
60003700000962,1
60003700000973,1
60003700000990,1
60003700000993,1
60003700001000,1
60003700001002,1
60003700001010,1
60003700001031,1
60003700001032,1
60003700001049,1
60003700001051,1
60003700001074,1
60003700001087,1
60003700001090,1
60003700001132,1
60003700001134,1
60003700001139,1
60003700001153,1
60003700001154,1
60003700001160,1
60003700001161,1
60003700001162,1
60003700001169,1
60003700001170,1
60003700001175,1
60003700001176,1
60003700001190,1
60003700029330,1
60003700029337,1
60003700029349,1
60003700029360,1
60003700029364,1
60003700029371,1
60003700029381,1
60003700029383,1
60003700029392,1
60003700029406,1
60003700029410,1
60003700029411,1
60003700029423,1
60003700029424,1
60003700029433,1
60003700029463,1
60003700029472,1
60003700029477,1
60003700029490,1
60003700029494,1
60003700029499,1
60003700029505,1
60003700029506,0
60003700029511,1
60003700029516,1
60003700029532,1
60003700029534,1
60003700029537,1
60003700029541,1
60003700029547,1
60003700029548,1
60003700029553,1
60003700029558,1
60003700029567,1
60003700029583,1
60003700029584,1
60003700029590,1
60003700029591,1
60003700029608,1
60003700029611,1
60003700029616,1
60003700029622,1
60003700029626,1
60003700029634,1
60003700029638,1
60003700029642,1
60003700029651,1
60003700029653,0
60003700029655,1
60003700029661,1
60003700029662,1
60003700029664,1
60003700029669,1
60003700029670,1
60003700029676,1
60003700029680,0
60003700029682,1
60003700029685,1
60003700029690,1
60003700029695,1
60003700029776,1
60003700029780,1
60003700029783,1
60003700029795,0
60003700029798,1
60003700029804,1
60003700029820,1
60003700029843,1
60003700029850,1
60003700014052,1
60003700014053,1
60003700014055,1
60003700014064,1
60003700014078,1
60003700014080,1
60003700014082,1
60003700014086,1
60003700014095,1
60003700014104,1
60003700014134,1
60003700014143,1
60003700014144,1
60003700014153,1
60003700014158,1
60003700014204,1
60003700029855,1
60003700029856,1
60003700029878,1
60003700029885,1
60003700029887,0
60003700029900,1
60003700029922,1
60003700014209,1
60003700014211,1
60003700014215,1
60003700014237,1
60003700014255,1
60003700014258,1
60003700014260,1
60003700014263,1
60003700014266,1
60003700014270,1
60003700014284,1
60003700014297,1
60003700014298,1
60003700014321,1
60003700014323,1
60003700014334,1
60003700014351,1
60003700014355,1
60003700014359,1
60003700014363,1
60003700014365,1
60003700014370,1
60003700014372,1
60003700029931,0
60003700014395,1
60003700014400,1
60003700014406,1
60003700014407,1
60003700014416,1
60003700014428,1
60003700014431,1
60003700014436,1
60003700014461,1
60003700014474,1
60003700014477,1
60003700014478,1
60003700014482,1
60003700014501,1
60003700014506,1
60003700014508,1
60003700014510,1
60003700014521,1
60003700014526,1
60003700014536,1
60003700014540,1
60003700014541,1
60003700014546,1
60003700014563,1
60003700014565,1
60003700014579,1
60003700014585,1
60003700014592,1
60003700014597,1
60003700014620,1
60003700014626,1
60003700014627,1
60003700014675,1
60003700014678,1
60003700014680,1
60003700014691,1
60003700014698,1
60003700014702,1
60003700014714,1
60003700014717,1
60003700014720,1
60003700014722,1
60003700014723,1
60003700014728,1
60003700014740,1
60003700014742,1
60003700014746,1
60003700014748,1
60003700014761,1
60003700014765,1
60003700014768,1
60003700014774,1
60003700014776,1
60003700014801,1
60003700014817,1
60003700014827,1
60003700014835,1
60003700014872,1
60003700014883,1
60003700014900,1
60003700014907,1
60003700014911,1
60003700014930,1
60003700014947,1
60003700014953,1
60003700014959,1
60003700014973,1
60003700029934,1
60003700029948,1
60003700029955,1
60003700029977,1
60003700029982,1
60003700029984,1
60003700029995,1
60003700030006,1
60003700030011,1
60003700014996,1
60003700014999,1
60003700015000,1
60003700015017,1
60003700015018,1
60003700015020,1
60003700015024,1
60003700015026,1
60003700015038,1
60003700015043,1
60003700015066,1
60003700015073,1
60003700015077,1
60003700015086,1
60003700015092,1
60003700015100,1
60003700015102,1
60003700030015,1
60003700030021,1
60003700030028,1
60003700030044,1
60003700030045,0
60003700030048,1
60003700030055,1
60003700015109,1
60003700015114,1
60003700015115,1
60003700015125,1
60003700015126,1
60003700015133,1
60003700015140,1
60003700015144,1
60003700015148,1
60003700015151,1
60003700015154,1
60003700015188,1
60003700015209,1
60003700015211,1
60003700015225,1
60003700015227,1
60003700015233,1
60003700015242,1
60003700015265,1
60003700015276,1
60003700015277,1
60003700015283,1
60003700015306,1
60003700015318,1
60003700015333,1
60003700015338,1
60003700015349,1
60003700015356,1
60003700015359,1
60003700015364,1
60003700015371,1
60003700015378,0
60003700015380,1
60003700015394,1
60003700015413,1
60003700015428,1
60003700015431,1
60003700015451,1
60003700015468,1
60003700015473,1
60003700015486,1
60003700015487,1
60003700015492,1
60003700030057,1
60003700030068,1
60003700030074,1
60003700030084,1
60003700030085,1
60003700030098,0
60003700030106,1
60003700030112,1
60003700030118,1
60003700030121,1
60003700030131,1
60003700030135,1
60003700030143,1
60003700030154,1
60003700030156,1
60003700030160,1
60003700030167,1
60003700030174,1
60003700030185,1
60003700030201,1
60003700030205,1
60003700030206,0
60003700030226,1
60003700030260,1
60003700030268,1
60003700030275,1
60003700030285,1
60003700030288,1
60003700030291,1
60003700000120,1
60003700000127,1
60003700000134,1
60003700000137,1
60003700000171,1
60003700000186,1
60003700000187,1
60003700000190,1
60003700000193,1
60003700000201,1
60003700000212,1
60003700000218,1
60003700000235,1
60003700000242,1
60003700000244,1
60003700000247,1
60003700000254,1
60003700000263,1
60003700000265,1
60003700000288,1
60003700000312,1
60003700000314,1
60003700000320,1
60003700000330,1
60003700000333,1
60003700000334,1
60003700000349,1
60003700000358,1
60003700000369,1
60003700000377,1
60003700000408,1
60003700000414,1
60003700000421,1
60003700000422,1
60003700000425,1
60003700000430,1
60003700000436,1
60003700000439,1
60003700000446,1
60003700000453,1
60003700000465,1
60003700000466,1
60003700000467,1
60003700000476,1
60003700000479,1
60003700000486,1
60003700000487,1
60003700000490,1
60003700000507,1
60003700000516,1
60003700000522,1
60003700000526,1
60003700000536,1
60003700000539,1
60003700000540,1
60003700000544,1
60003700000547,1
60003700000550,1
60003700000553,1
60003700000556,1
60003700000572,1
60003700000577,1
60003700000578,1
60003700000580,1
60003700000589,1
60003700000598,1
60003700000599,1
60003700000604,1
60003700000608,1
60003700000614,1
60003700000618,1
60003700000632,1
60003700000657,1
60003700000659,1
60003700000665,1
60003700000673,1
60003700000685,1
60003700000686,1
60003700000688,1
60003700000689,1
60003700000690,1
60003700000694,1
60003700000698,1
60003700000702,1
60003700000709,1
60003700016791,1
60003700015409,1
60003700015422,1
60003700015423,1
60003700015427,1
60003700015429,1
60003700015435,1
60003700015441,1
60003700015443,1
60003700015448,1
60003700015450,1
60003700015456,1
60003700015457,1
60003700015463,1
60003700015465,1
60003700015477,1
60003700015491,1
60003700015513,1
60003700015515,1
60003700015521,1
60003700015526,1
60003700015549,1
60003700015554,1
60003700015562,1
60003700015565,1
60003700015569,1
60003700015575,1
60003700015577,1
60003700015581,1
60003700015589,1
60003700015590,1
60003700015596,1
60003700015600,1
60003700015608,1
60003700015609,1
60003700015610,1
60003700015617,1
60003700015622,1
60003700015640,1
60003700015648,1
60003700015654,1
60003700015666,1
60003700015671,1
60003700015673,1
60003700015677,1
60003700015692,1
60003700015695,1
60003700015729,1
60003700015737,1
60003700015742,1
60003700015779,1
60003700015801,1
60003700015809,1
60003700015811,1
60003700015819,1
60003700015829,1
60003700015834,1
60003700015838,1
60003700015849,1
60003700015865,1
60003700015872,1
60003700015881,1
60003700015904,1
60003700015916,1
60003700015921,1
60003700015925,1
60003700015927,1
60003700015928,1
60003700015930,1
60003700015932,1
60003700015934,1
60003700015951,1
60003700015955,1
60003700015963,1
60003700015965,1
60003700015966,1
60003700015970,1
60003700015976,1
60003700015980,1
60003700015988,1
60003700016007,1
60003700016021,1
60003700016041,1
60003700016043,1
60003700016075,1
60003700016090,1
60003700016103,1
60003700016120,1
60003700016127,1
60003700016158,1
60003700016160,1
60003700016161,1
60003700016163,1
60003700016166,1
60003700016168,1
60003700016795,1
60003700016798,1
60003700016815,1
60003700016837,1
60003700016838,1
60003700016845,1
60003700016847,1
60003700016849,1
60003700016859,1
60003700016861,1
60003700016867,1
60003700016872,1
60003700016883,1
60003700016889,1
60003700016903,1
60003700016913,1
60003700016919,1
60003700016172,1
60003700016926,1
60003700016178,1
60003700016191,1
60003700016192,1
60003700016214,1
60003700016215,1
60003700016232,1
60003700016235,1
60003700016236,1
60003700016246,1
60003700016250,1
60003700016259,1
60003700016979,1
60003700016988,1
60003700016996,1
60003700016998,1
60003700017009,1
60003700017023,1
60003700017029,1
60003700017030,1
60003700017042,1
60003700017045,1
60003700017050,1
60003700017072,1
60003700017081,1
60003700017087,1
60003700017097,1
60003700017107,1
60003700017116,1
60003700017124,1
60003700017143,1
60003700017144,1
60003700017151,1
60003700017156,1
60003700017159,1
60003700017176,1
60003700017179,1
60003700017192,1
60003700017199,1
60003700017202,1
60003700017208,1
60003700017217,1
60003700017232,1
60003700017236,1
60003700017244,1
60003700017268,1
60003700017272,1
60003700017278,1
60003700017280,1
60003700017296,1
60003700017302,1
60003700017303,1
60003700017314,1
60003700017330,1
60003700017335,1
60003700017340,0
60003700017341,1
60003700017347,1
60003700017349,1
60003700017360,1
60003700010855,1
60003700017373,1
60003700017374,1
60003700017378,1
60003700017380,1
60003700017387,1
60003700017397,1
60003700017414,1
60003700017417,1
60003700017428,1
60003700017432,1
60003700010860,1
60003700010865,0
60003700010870,1
60003700010877,1
60003700010887,1
60003700010891,1
60003700010894,1
60003700010896,1
60003700010900,1
60003700010911,1
60003700010912,1
60003700010913,1
60003700010923,1
60003700010925,1
60003700017441,1
60003700017450,1
60003700017453,1
60003700017454,1
60003700017466,1
60003700017468,1
60003700017484,1
60003700017485,1
60003700017487,1
60003700017489,1
60003700017549,1
60003700017556,1
60003700017557,1
60003700017571,1
60003700017575,1
60003700017582,1
60003700017590,1
60003700017592,1
60003700017593,1
60003700017603,1
60003700017614,1
60003700017625,1
60003700017627,1
60003700017632,1
60003700017646,1
60003700017663,1
60003700017668,1
60003700017675,1
60003700017717,1
60003700017725,1
60003700017729,1
60003700017732,1
60003700017738,1
60003700017739,1
60003700017751,1
60003700017752,1
60003700017755,1
60003700010940,1
60003700010943,1
60003700010944,1
60003700010952,1
60003700010955,1
60003700010959,1
60003700010972,1
60003700010977,1
60003700010980,1
60003700010986,1
60003700010992,1
60003700011014,1
60003700011022,1
60003700011031,1
60003700011041,1
60003700011047,1
60003700011049,1
60003700011055,1
60003700011056,1
60003700011070,1
60003700011072,1
60003700011080,1
60003700011094,1
60003700011111,1
60003700011119,1
60003700011125,1
60003700011131,1
60003700011132,1
60003700011143,1
60003700011157,1
60003700011163,1
60003700011165,1
60003700011170,1
60003700011174,1
60003700011176,1
60003700011205,1
60003700011207,1
60003700011208,1
60003700011213,1
60003700011217,1
60003700011240,1
60003700011251,1
60003700011253,1
60003700011268,1
60003700011273,1
60003700011315,1
60003700011320,1
60003700011323,1
60003700011329,1
60003700011331,1
60003700011343,1
60003700011346,1
60003700011352,1
60003700011354,1
60003700011360,1
60003700011371,1
60003700011390,1
60003700011392,1
60003700011405,1
60003700011413,1
60003700011414,1
60003700011427,1
60003700011433,1
60003700011439,1
60003700011445,1
60003700011447,1
60003700011449,1
60003700011450,1
60003700011452,1
60003700011464,1
60003700011477,1
60003700011483,1
60003700011491,1
60003700011510,1
60003700011526,1
60003700011549,1
60003700011564,1
60003700011568,1
60003700011575,1
60003700011608,1
60003700011615,1
60003700011628,1
60003700011639,1
60003700011644,1
60003700011649,1
60003700011659,1
60003700011666,1
60003700011669,1
60003700011673,1
60003700011688,1
60003700011719,1
60003700011725,1
60003700011732,1
60003700011736,1
60003700011746,1
60003700011759,1
60003700011760,1
60003700011761,1
60003700011771,1
60003700011774,1
60003700011786,1
60003700011799,1
60003700011800,1
60003700011807,1
60003700011808,1
60003700011809,1
60003700011810,1
60003700011814,1
60003700011825,1
60003700011826,1
60003700011827,1
60003700011829,1
60003700011832,1
60003700011835,1
60003700011846,1
60003700011851,1
60003700011864,1
60003700011867,1
60003700011870,1
60003700011871,1
60003700011880,1
60003700011882,1
60003700011883,1
60003700011886,1
60003700011887,1
60003700011889,1
60003700011892,1
60003700011896,1
60003700011898,1
60003700011909,1
60003700011917,1
60003700011938,1
60003700011943,1
60003700011947,1
60003700011952,1
60003700011957,1
60003700011966,1
60003700011976,1
60003700011980,1
60003700011987,1
60003700011992,1
60003700011995,1
60003700012006,1
60003700012018,1
60003700012019,1
60003700012022,1
60003700012026,1
60003700012028,1
60003700012030,1
60003700012042,1
60003700012063,1
60003700012065,1
60003700012071,1
60003700012072,1
60003700012074,1
60003700012099,1
60003700012110,1
60003700012119,1
60003700012125,1
60003700012129,1
60003700012136,1
60003700012140,1
60003700012152,1
60003700012158,1
60003700012159,1
60003700012169,1
60003700012177,1
60003700012189,1
60003700012192,1
60003700012195,1
60003700012222,1
60003700012237,1
60003700012252,1
60003700012259,1
60003700012265,1
60003700012277,1
60003700012283,1
60003700012285,1
60003700012310,1
60003700012311,1
60003700012315,1
60003700012325,1
60003700012354,1
60003700012362,1
60003700012369,1
60003700012373,1
60003700012388,1
60003700012409,1
60003700012410,1
60003700012413,1
60003700012451,1
60003700012469,1
60003700012472,1
60003700012496,1
60003700012516,1
60003700012524,1
60003700012537,1
60003700012549,1
60003700012572,1
60003700012576,1
60003700012579,1
60003700012583,1
60003700012599,1
60003700012604,1
60003700012608,1
60003700012609,1
60003700012615,1
60003700017763,1
60003700017779,1
60003700017799,1
60003700017805,1
60003700017812,1
60003700017816,1
60003700017829,1
60003700017848,1
60003700017849,1
60003700017858,1
60003700017860,1
60003700017868,1
60003700017871,1
60003700017872,1
60003700017873,1
60003700017876,1
60003700017879,1
60003700017881,1
60003700012617,1
60003700012619,1
60003700012624,1
60003700012627,1
60003700012630,1
60003700012632,1
60003700017884,1
60003700017902,1
60003700017904,1
60003700017912,1
60003700017919,1
60003700017923,1
60003700017935,1
60003700017936,1
60003700017939,1
60003700017940,1
60003700017942,1
60003700017944,1
60003700017948,1
60003700017960,1
60003700017968,1
60003700017969,1
60003700017972,1
60003700017978,1
60003700017979,1
60003700017995,1
60003700018004,1
60003700018005,1
60003700018007,1
60003700018009,1
60003700018025,1
60003700018046,1
60003700012640,1
60003700012641,1
60003700012644,1
60003700012647,1
60003700012653,1
60003700012656,1
60003700012671,1
60003700012677,1
60003700012685,1
60003700012687,1
60003700012688,1
60003700018051,1
60003700018069,1
60003700018070,1
60003700018074,1
60003700018079,1
60003700018083,1
60003700012694,1
60003700012715,1
60003700012747,1
60003700018087,1
60003700012751,1
60003700012752,1
60003700012767,1
60003700012771,1
60003700018103,1
60003700018105,1
60003700018110,1
60003700018129,1
60003700018133,1
60003700018152,1
60003700018160,1
60003700018168,1
60003700018178,1
60003700018193,1
60003700018200,1
60003700018201,1
60003700012772,1
60003700012790,1
60003700012796,1
60003700012808,1
60003700012837,1
60003700012849,1
60003700012860,1
60003700012870,1
60003700012873,1
60003700012875,1
60003700012877,1
60003700012879,1
60003700012881,1
60003700012888,1
60003700012893,1
60003700012895,1
60003700012907,1
60003700012914,1
60003700012919,1
60003700012929,1
60003700012934,1
60003700012947,1
60003700012953,1
60003700012954,1
60003700012956,1
60003700012975,1
60003700012977,1
60003700012979,1
60003700012984,1
60003700012991,1
60003700012992,1
60003700012997,1
60003700012999,1
60003700013004,1
60003700013006,1
60003700013012,1
60003700013020,1
60003700013025,1
60003700013030,1
60003700013036,1
60003700013045,1
60003700013056,1
60003700013062,1
60003700013063,1
60003700013071,1
60003700013079,1
60003700013080,1
60003700013089,1
60003700013098,1
60003700013099,1
60003700013130,1
60003700013153,1
60003700013161,1
60003700013168,1
60003700013197,1
60003700013199,1
60003700013200,1
60003700013208,1
60003700013212,1
60003700013224,1
60003700013236,1
60003700013246,1
60003700013253,1
60003700013257,1
60003700013264,1
60003700013275,1
60003700013282,1
60003700013288,1
60003700013292,1
60003700013295,1
60003700013296,1
60003700013299,1
60003700013326,1
60003700013344,1
60003700013362,1
60003700018215,1
60003700018238,1
60003700018242,1
60003700018250,1
60003700018251,1
60003700018253,1
60003700018258,1
60003700018263,1
60003700018287,1
60003700018302,1
60003700018311,1
60003700018312,1
60003700018318,1
60003700018319,1
60003700018325,1
60003700018333,1
60003700018343,1
60003700013363,1
60003700013389,1
60003700013399,1
60003700013410,1
60003700013419,1
60003700013434,1
60003700013443,1
60003700013445,1
60003700013453,1
60003700013456,1
60003700013457,1
60003700013466,1
60003700013467,1
60003700018352,1
60003700018371,1
60003700018372,1
60003700013489,1
60003700013490,1
60003700013495,1
60003700013500,1
60003700013519,1
60003700013523,1
60003700013541,1
60003700013576,1
60003700013578,1
60003700013587,1
60003700018393,1
60003700013591,1
60003700013595,1
60003700013604,1
60003700013609,1
60003700013615,1
60003700013617,1
60003700013620,1
60003700013621,1
60003700013622,1
60003700013629,1
60003700018401,1
60003700018413,1
60003700013630,1
60003700013635,1
60003700018422,1
60003700013637,0
60003700013652,1
60003700013653,1
60003700013654,1
60003700013656,1
60003700013676,1
60003700013678,1
60003700013683,1
60003700013695,1
60003700013722,1
60003700013725,1
60003700013739,1
60003700013742,1
60003700013756,1
60003700013768,1
60003700013781,1
60003700013792,1
60003700013793,1
60003700013802,0
60003700013807,1
60003700013812,1
60003700013817,1
60003700013852,1
60003700013857,1
60003700013862,1
60003700013864,1
60003700013866,1
60003700013879,1
60003700013883,1
60003700013900,1
60003700013911,1
60003700013917,1
60003700013920,1
60003700013923,1
60003700013934,1
60003700013945,1
60003700013948,1
60003700013949,1
60003700013955,1
60003700013963,1
60003700013964,1
60003700013979,1
60003700013981,1
60003700013997,1
60003700013999,1
60003700014013,1
60003700014017,1
60003700014033,1
60003700014035,1
60003700014037,1
60003700014050,1
60003700014068,1
60003700014090,1
60003700014091,1
60003700014100,1
60003700014101,1
60003700014103,1
60003700014107,1
60003700014119,1
60003700014126,1
60003700014128,1
60003700014137,1
60003700014142,1
60003700014151,1
60003700014157,1
60003700014159,1
60003700014168,1
60003700014172,1
60003700014185,1
60003700014194,1
60003700014201,1
60003700030246,1
60003700030259,1
60003700030272,1
60003700030279,1
60003700030292,1
60003700030293,1
60003700030297,1
60003700030306,1
60003700030336,1
60003700030337,1
60003700000071,1
60003700000084,1
60003700000086,1
60003700000088,1
60003700000096,1
60003700000098,1
60003700000106,1
60003700000139,1
60003700000143,1
60003700000144,1
60003700000149,1
60003700000183,1
60003700000185,1
60003700000188,1
60003700000203,1
60003700000207,1
60003700000214,1
60003700000222,1
60003700000225,1
60003700000226,1
60003700000229,1
60003700000250,1
60003700000255,1
60003700000264,1
60003700000266,1
60003700000273,1
60003700000281,1
60003700000284,1
60003700000286,1
60003700000304,1
60003700000307,1
60003700000310,1
60003700000317,1
60003700000321,1
60003700000328,1
60003700000347,1
60003700000352,1
60003700000354,1
60003700000359,1
60003700000366,1
60003700000370,1
60003700000371,1
60003700000380,1
60003700000386,1
60003700000390,1
60003700000399,1
60003700000418,1
60003700000419,1
60003700000429,1
60003700000432,1
60003700000435,1
60003700000456,1
60003700000460,1
60003700000491,1
60003700000496,1
60003700000499,1
60003700000504,1
60003700000508,1
60003700000510,1
60003700000518,1
60003700000531,1
60003700000541,1
60003700000545,1
60003700000560,1
60003700000576,1
60003700000642,1
60003700000649,1
60003700000655,1
60003700000676,1
60003700000678,1
60003700000703,1
60003700000707,1
60003700000708,1
60003700000717,1
60003700000718,1
60003700000742,1
60003700000749,1
60003700000754,1
60003700000761,1
60003700000764,1
60003700000784,1
60003700000785,1
60003700000788,1
60003700000823,1
60003700000837,1
60003700000841,1
60003700000845,1
60003700000847,1
60003700000849,1
60003700000852,1
60003700000862,1
60003700000872,1
60003700000879,1
60003700000880,1
60003700018451,1
60003700018460,1
60003700018467,1
60003700000882,1
60003700018475,1
60003700018479,1
60003700018512,1
60003700018514,1
60003700000889,1
60003700000892,1
60003700000897,1
60003700000919,1
60003700000928,1
60003700000933,1
60003700000937,1
60003700000939,1
60003700000944,1
60003700000946,1
60003700000948,1
60003700000961,1
60003700014223,1
60003700014225,1
60003700014239,1
60003700014243,1
60003700014244,1
60003700014257,1
60003700014261,1
60003700014283,1
60003700014288,1
60003700014293,1
60003700014314,1
60003700014315,1
60003700014317,1
60003700014320,1
60003700014330,1
60003700014339,1
60003700014366,1
60003700014371,1
60003700014376,1
60003700014380,1
60003700014381,1
60003700014383,1
60003700014394,1
60003700014398,1
60003700014409,1
60003700014415,1
60003700014422,1
60003700014448,1
60003700014458,1
60003700014463,1
60003700014469,1
60003700014472,1
60003700014480,1
60003700014490,1
60003700014492,1
60003700014502,1
60003700014512,1
60003700014516,1
60003700028917,1
60003700028920,1
60003700028936,1
60003700028942,1
60003700028945,1
60003700028961,1
60003700028965,1
60003700028967,1
60003700028973,1
60003700028984,1
60003700028993,1
60003700029003,1
60003700029023,1
60003700029035,1
60003700029041,1
60003700029047,1
60003700029054,1
60003700029055,1
60003700029066,1
60003700029090,1
60003700029096,1
60003700029102,1
60003700029109,1
60003700029110,1
60003700029113,1
60003700029123,1
60003700029138,1
60003700029142,1
60003700029151,1
60003700029155,1
60003700029166,1
60003700029169,1
60003700029177,1
60003700029186,1
60003700029196,1
60003700029204,1
60003700029214,1
60003700029216,1
60003700029228,1
60003700029255,1
60003700029261,1
60003700029262,1
60003700029265,1
60003700029278,1
60003700029310,1
60003700029314,1
60003700029329,1
60003700029332,1
60003700029333,1
60003700029342,1
60003700029345,1
60003700029347,1
60003700029353,1
60003700029356,1
60003700029374,1
60003700029380,1
60003700029382,1
60003700029394,1
60003700029395,1
60003700029396,1
60003700029399,1
60003700029402,1
60003700029415,1
60003700029417,1
60003700029435,1
60003700029452,1
60003700029453,1
60003700029458,1
60003700029466,1
60003700029489,1
60003700029497,1
60003700029520,0
60003700029525,1
60003700029528,1
60003700029531,1
60003700029533,1
60003700029539,1
60003700029574,1
60003700029575,1
60003700029588,1
60003700029589,1
60003700029597,1
60003700029600,1
60003700029602,0
60003700029604,1
60003700029640,1
60003700029644,1
60003700029646,1
60003700029654,1
60003700029681,1
60003700029693,1
60003700029704,1
60003700029712,1
60003700029717,1
60003700029718,1
60003700014977,1
60003700029725,1
60003700029743,1
60003700029763,1
60003700029779,1
60003700029789,1
60003700029800,1
60003700029805,1
60003700029838,1
60003700029844,1
60003700029847,1
60003700014984,1
60003700014986,1
60003700015003,1
60003700015008,1
60003700029907,1
60003700029939,1
60003700029942,1
60003700029950,1
60003700029956,0
60003700029969,1
60003700030019,1
60003700030022,1
60003700030026,1
60003700030029,1
60003700030066,1
60003700030069,1
60003700030078,1
60003700030080,0
60003700030091,1
60003700030099,1
60003700030100,0
60003700030102,1
60003700030103,1
60003700030105,1
60003700030110,1
60003700030127,0
60003700030130,1
60003700030133,1
60003700030134,1
60003700030136,1
60003700030149,1
60003700016266,1
60003700016293,1
60003700016296,1
60003700016304,1
60003700016312,1
60003700016319,1
60003700016327,1
60003700016332,1
60003700016336,1
60003700016350,1
60003700016354,1
60003700016361,1
60003700016364,1
60003700016372,1
60003700016382,1
60003700016385,1
60003700016389,1
60003700016427,1
60003700016446,1
60003700016448,1
60003700016455,1
60003700016488,1
60003700016490,1
60003700016497,1
60003700016499,1
60003700016504,1
60003700016505,1
60003700016531,1
60003700016535,1
60003700016547,1
60003700016557,1
60003700016572,1
60003700016584,1
60003700016588,1
60003700016591,1
60003700016595,1
60003700030151,1
60003700030164,1
60003700030169,1
60003700030172,1
60003700030176,1
60003700030180,1
60003700030193,0
60003700030203,1
60003700030234,1
60003700016606,1
60003700016618,1
60003700016619,1
60003700016643,1
60003700016654,1
60003700016666,1
60003700016678,1
60003700016680,1
60003700016687,1
60003700016692,1
60003700016713,1
60003700016730,1
60003700016745,1
60003700016751,1
60003700016754,1
60003700016757,1
60003700016762,1
60003700016763,1
60003700016766,1
60003700016772,1
60003700015030,1
60003700015031,1
60003700015118,1
60003700015137,1
60003700015138,1
60003700015146,1
60003700015147,1
60003700015150,1
60003700015156,1
60003700015157,1
60003700015159,1
60003700015165,1
60003700015171,1
60003700015174,1
60003700015179,1
60003700015180,1
60003700015190,1
60003700015192,1
60003700015198,1
60003700015221,1
60003700015228,1
60003700015238,1
60003700015246,1
60003700015258,1
60003700015266,1
60003700015274,1
60003700015288,1
60003700015289,1
60003700015293,1
60003700015300,1
60003700015304,1
60003700015314,1
60003700015323,1
60003700015324,1
60003700015353,1
60003700015396,1
60003700015404,1
60003700016777,1
60003700016781,1
60003700016784,1
60003700016786,1
60003700006029,1
60003700006030,1
60003700006048,1
60003700006052,1
60003700006053,1
60003700006067,1
60003700006078,1
60003700006085,1
60003700006110,1
60003700006115,1
60003700006116,1
60003700006118,1
60003700006150,1
60003700006162,1
60003700006164,1
60003700006182,1
60003700006188,1
60003700006195,1
60003700006201,1
60003700006216,1
60003700006217,1
60003700006224,1
60003700006228,1
60003700006231,1
60003700006236,1
60003700006242,1
60003700006262,1
60003700006270,1
60003700006290,1
60003700006292,1
60003700006296,1
60003700006308,1
60003700006310,1
60003700006314,1
60003700006326,1
60003700006335,1
60003700006344,1
60003700006359,1
60003700006365,1
60003700006378,1
60003700006382,1
60003700006389,1
60003700006391,1
60003700006405,1
60003700006443,1
60003700006447,1
60003700006466,1
60003700006470,1
60003700006475,1
60003700006477,1
60003700006500,1
60003700006502,1
60003700006509,1
60003700006526,1
60003700006542,1
60003700006546,1
60003700006559,1
60003700006560,1
60003700006570,1
60003700006578,1
60003700006595,1
60003700006605,1
60003700006611,1
60003700006621,1
60003700006624,1
60003700006629,1
60003700006640,1
60003700006650,1
60003700006663,1
60003700006666,1
60003700006675,1
60003700006677,1
60003700006683,1
60003700006704,1
60003700006710,1
60003700006711,1
60003700006712,1
60003700006717,1
60003700006757,1
60003700006768,1
60003700006769,1
60003700006775,1
60003700006781,1
60003700006783,1
60003700006785,1
60003700006788,1
60003700006789,1
60003700006815,1
60003700006829,1
60003700006834,1
60003700006838,1
60003700006843,1
60003700006849,1
60003700006852,1
60003700006853,1
60003700006858,1
60003700006859,1
60003700006870,1
60003700006873,1
60003700006883,1
60003700006900,1
60003700006903,1
60003700006909,1
60003700006913,1
60003700006914,1
60003700006918,1
60003700006921,1
60003700007055,1
60003700007058,1
60003700007067,1
60003700007071,1
60003700007103,1
60003700007202,1
60003700007207,1
60003700007213,1
60003700007219,1
60003700007221,1
60003700007223,1
60003700007233,1
60003700007234,1
60003700007258,1
60003700007260,1
60003700007269,1
60003700007272,1
60003700007285,1
60003700007295,1
60003700007311,1
60003700007319,1
60003700007322,1
60003700007326,1
60003700007342,1
60003700007347,1
60003700007350,1
60003700007359,1
60003700007360,1
60003700007361,1
60003700007370,1
60003700007374,1
60003700007404,1
60003700007406,1
60003700007407,1
60003700007408,1
60003700007432,1
60003700007435,1
60003700007438,1
60003700007445,1
60003700007449,1
60003700007458,1
60003700007463,1
60003700007468,1
60003700007493,1
60003700007499,1
60003700007503,1
60003700007505,1
60003700007511,1
60003700007514,1
60003700007517,1
60003700007579,1
60003700007599,1
60003700007604,1
60003700007606,1
60003700007610,1
60003700007642,1
60003700007646,1
60003700007664,1
60003700007666,1
60003700007675,1
60003700007686,1
60003700007688,1
60003700007701,1
60003700007702,1
60003700007706,1
60003700007715,1
60003700007716,1
60003700007719,1
60003700007729,1
60003700007735,1
60003700007740,1
60003700007747,1
60003700007754,1
60003700007755,1
60003700007767,1
60003700007770,1
60003700007781,1
60003700007785,1
60003700007787,1
60003700007789,1
60003700007796,1
60003700007798,1
60003700007804,1
60003700007812,1
60003700007829,1
60003700007835,1
60003700007851,1
60003700007853,1
60003700007854,1
60003700007867,1
60003700007872,1
60003700007881,1
60003700007894,1
60003700007904,1
60003700007917,1
60003700007918,1
60003700007925,1
60003700007927,1
60003700007929,1
60003700007941,1
60003700007947,1
60003700007949,1
60003700007953,1
60003700007956,1
60003700007961,1
60003700007972,1
60003700007979,1
60003700007980,1
60003700007995,1
60003700008002,1
60003700008018,1
60003700008021,1
60003700008024,1
60003700008044,1
60003700008047,1
60003700008050,1
60003700008056,1
60003700008058,1
60003700008059,1
60003700008064,1
60003700008085,1
60003700008095,1
60003700008101,1
60003700008110,0
60003700008117,1
60003700008122,1
60003700008125,1
60003700008134,1
60003700008136,1
60003700008143,1
60003700008152,1
60003700008153,1
60003700008155,1
60003700008157,1
60003700008158,1
60003700008168,1
60003700008175,1
60003700008190,1
60003700008202,1
60003700008484,1
60003700008494,1
60003700008496,1
60003700008504,1
60003700008510,1
60003700008511,1
60003700008531,1
60003700008539,1
60003700008549,1
60003700008556,1
60003700008559,1
60003700008573,1
60003700008578,1
60003700008579,1
60003700008583,1
60003700008584,1
60003700008586,1
60003700008205,1
60003700008217,1
60003700008246,1
60003700008251,1
60003700008255,1
60003700008259,1
60003700008274,1
60003700008277,0
60003700008284,1
60003700008292,1
60003700008298,1
60003700008310,1
60003700008333,1
60003700008348,1
60003700008361,1
60003700008371,1
60003700008390,1
60003700008589,1
60003700008596,1
60003700008604,1
60003700018526,1
60003700018534,1
60003700018544,1
60003700018554,1
60003700018569,1
60003700018572,1
60003700018590,1
60003700018592,1
60003700018593,1
60003700018615,1
60003700018620,1
60003700018621,1
60003700018624,1
60003700018626,1
60003700018634,1
60003700018646,1
60003700018651,1
60003700018652,1
60003700018778,1
60003700018793,1
60003700018795,1
60003700018803,1
60003700018810,1
60003700018814,1
60003700018822,1
60003700018826,1
60003700018832,1
60003700018844,1
60003700018847,1
60003700018852,1
60003700018859,1
60003700018864,1
60003700018885,1
60003700018889,1
60003700018903,1
60003700018908,1
60003700018924,1
60003700018927,1
60003700018938,1
60003700018941,1
60003700018944,1
60003700018952,1
60003700018954,1
60003700018956,1
60003700018967,1
60003700018978,1
60003700018995,1
60003700019007,1
60003700019008,1
60003700019014,1
60003700019017,1
60003700019028,1
60003700019044,1
60003700019049,1
60003700019074,1
60003700019082,1
60003700019084,1
60003700019097,1
60003700019099,1
60003700019102,1
60003700019114,1
60003700019120,1
60003700019125,1
60003700019129,1
60003700019134,1
60003700019138,1
60003700019152,1
60003700019172,1
60003700019174,1
60003700019178,1
60003700019179,1
60003700019184,1
60003700019188,1
60003700019192,1
60003700019196,1
60003700019197,1
60003700019200,1
60003700019210,1
60003700019214,1
60003700019216,1
60003700019221,1
60003700019223,0
60003700019232,1
60003700019241,1
60003700019258,1
60003700019261,1
60003700019276,1
60003700019281,1
60003700019285,1
60003700019291,1
60003700019293,1
60003700019303,1
60003700019330,1
60003700019337,1
60003700019339,1
60003700019343,1
60003700019373,1
60003700019384,1
60003700019393,1
60003700008408,1
60003700008450,1
60003700008453,1
60003700008456,1
60003700008466,1
60003700005200,1
60003700005219,1
60003700005224,1
60003700005225,1
60003700005228,1
60003700005230,1
60003700005235,1
60003700005240,1
60003700005247,1
60003700005249,1
60003700005252,1
60003700005262,1
60003700005265,1
60003700005271,1
60003700005281,1
60003700005290,1
60003700005297,1
60003700005301,1
60003700005303,1
60003700005307,1
60003700005308,1
60003700005319,1
60003700005320,1
60003700005324,1
60003700005334,1
60003700005336,1
60003700005345,1
60003700005371,1
60003700005380,1
60003700005383,1
60003700005385,1
60003700005395,1
60003700005397,1
60003700005400,1
60003700005414,1
60003700005415,1
60003700005440,1
60003700005456,1
60003700005462,1
60003700005463,1
60003700005465,1
60003700005474,1
60003700005479,1
60003700005480,1
60003700005483,1
60003700005489,1
60003700005492,1
60003700005501,1
60003700005507,1
60003700005515,1
60003700005524,1
60003700005527,1
60003700005542,1
60003700005546,1
60003700005555,1
60003700005565,1
60003700005574,1
60003700005578,1
60003700005586,1
60003700005589,1
60003700005594,1
60003700005601,1
60003700005610,1
60003700005611,1
60003700005620,1
60003700005622,1
60003700005641,1
60003700005644,1
60003700005646,1
60003700005649,1
60003700005655,1
60003700005670,1
60003700005676,1
60003700005677,1
60003700005680,1
60003700005688,1
60003700005707,1
60003700005710,1
60003700005711,1
60003700005720,1
60003700005731,1
60003700005739,1
60003700005757,1
60003700005759,1
60003700005769,1
60003700005770,1
60003700005774,1
60003700005811,1
60003700005816,1
60003700005839,1
60003700005849,1
60003700005855,1
60003700005872,1
60003700005905,1
60003700005906,1
60003700005931,1
60003700005934,1
60003700005945,1
60003700005951,1
60003700005960,1
60003700005962,1
60003700005966,1
60003700005967,1
60003700005969,1
60003700005972,1
60003700005989,1
60003700005991,1
60003700006007,1
60003700006009,1
60003700006015,1
60003700006017,1
60003700006019,1
60003700001991,1
60003700002005,1
60003700002011,1
60003700002021,1
60003700002022,1
60003700002034,1
60003700002051,1
60003700002072,1
60003700002081,1
60003700002090,1
60003700002091,1
60003700002096,1
60003700002099,1
60003700002102,1
60003700002110,1
60003700002125,1
60003700002129,1
60003700002135,1
60003700002143,1
60003700002147,1
60003700002149,1
60003700002151,1
60003700002153,1
60003700002159,1
60003700002161,1
60003700002177,1
60003700002180,1
60003700002181,1
60003700002192,1
60003700002194,1
60003700002218,1
60003700002225,1
60003700002236,1
60003700002240,1
60003700002243,1
60003700002245,1
60003700000964,1
60003700001109,1
60003700001119,1
60003700001124,1
60003700001125,1
60003700001131,1
60003700001138,1
60003700001142,1
60003700001145,1
60003700001146,1
60003700001149,1
60003700001164,1
60003700001165,1
60003700001218,1
60003700001232,1
60003700001239,1
60003700001255,1
60003700001264,1
60003700001270,1
60003700001275,1
60003700001279,1
60003700001283,1
60003700001284,1
60003700001299,1
60003700001300,1
60003700001301,1
60003700001315,1
60003700001324,1
60003700001326,1
60003700001327,1
60003700001331,1
60003700001332,1
60003700001333,1
60003700001335,1
60003700001338,1
60003700001347,1
60003700001353,1
60003700001354,1
60003700001355,1
60003700001357,1
60003700001358,1
60003700001366,1
60003700001368,1
60003700001370,1
60003700001372,1
60003700001390,1
60003700001399,1
60003700001403,1
60003700001416,1
60003700001426,1
60003700001428,1
60003700001430,1
60003700001450,1
60003700001452,1
60003700002256,1
60003700002258,1
60003700002261,1
60003700002267,1
60003700002268,1
60003700002276,1
60003700002279,1
60003700002281,1
60003700002283,1
60003700002297,1
60003700002300,1
60003700002303,1
60003700002305,1
60003700002306,1
60003700002329,1
60003700002330,1
60003700002332,1
60003700002336,1
60003700002347,1
60003700002364,1
60003700002366,1
60003700002386,1
60003700019406,1
60003700019417,1
60003700019423,1
60003700019435,1
60003700002400,1
60003700019438,1
60003700019445,1
60003700019456,1
60003700001461,1
60003700001463,1
60003700001466,1
60003700001483,1
60003700001484,1
60003700001506,1
60003700001508,1
60003700001525,1
60003700001526,1
60003700001528,1
60003700001529,1
60003700001533,1
60003700001535,1
60003700001555,1
60003700001556,1
60003700001559,1
60003700001565,1
60003700001567,1
60003700001579,1
60003700001580,1
60003700001582,1
60003700006521,1
60003700006536,1
60003700006545,1
60003700006549,1
60003700006552,1
60003700006553,1
60003700006563,1
60003700006564,1
60003700006567,1
60003700006569,1
60003700006571,1
60003700006572,1
60003700006573,1
60003700019464,1
60003700019481,1
60003700019483,1
60003700019487,1
60003700019501,1
60003700006581,1
60003700006590,1
60003700019507,1
60003700006594,1
60003700006606,1
60003700006610,1
60003700006613,1
60003700006616,1
60003700006625,1
60003700006635,1
60003700006662,1
60003700006681,1
60003700006690,1
60003700006694,1
60003700006723,1
60003700006737,1
60003700006745,1
60003700006752,1
60003700006754,1
60003700006758,1
60003700006759,1
60003700006782,1
60003700006787,1
60003700006808,1
60003700002410,1
60003700002411,1
60003700002415,1
60003700002417,1
60003700002419,1
60003700002432,1
60003700002440,1
60003700002444,1
60003700002445,1
60003700002454,1
60003700002461,1
60003700002462,1
60003700002483,1
60003700002493,1
60003700002498,1
60003700002500,1
60003700002510,1
60003700019515,1
60003700019520,1
60003700019522,1
60003700019526,1
60003700019530,1
60003700019545,0
60003700019556,1
60003700019565,1
60003700019566,1
60003700019571,1
60003700019585,1
60003700002523,1
60003700002524,1
60003700002529,1
60003700002534,1
60003700002538,1
60003700002551,1
60003700002556,1
60003700002560,1
60003700002575,1
60003700019598,1
60003700019600,1
60003700019612,1
60003700019633,1
60003700019634,1
60003700019641,1
60003700002585,1
60003700002594,1
60003700019642,1
60003700019670,1
60003700019674,1
60003700019682,1
60003700019685,1
60003700019690,1
60003700019700,1
60003700019704,1
60003700019707,1
60003700019709,1
60003700019722,1
60003700019732,1
60003700019735,1
60003700019758,1
60003700019784,1
60003700019803,1
60003700005260,1
60003700005261,1
60003700005263,1
60003700005275,1
60003700005277,1
60003700005285,1
60003700005286,1
60003700005293,1
60003700005299,1
60003700005318,1
60003700005321,1
60003700005330,1
60003700005335,1
60003700005341,1
60003700005346,1
60003700005352,1
60003700005362,1
60003700005369,1
60003700005374,1
60003700005376,1
60003700005377,1
60003700005379,1
60003700005388,1
60003700005399,1
60003700005406,1
60003700005408,1
60003700005430,1
60003700005431,1
60003700005433,1
60003700005467,1
60003700005468,1
60003700005470,1
60003700005471,1
60003700005472,1
60003700005478,1
60003700005481,1
60003700005496,1
60003700005499,1
60003700005503,1
60003700005510,1
60003700005512,1
60003700005514,1
60003700005517,1
60003700005562,1
60003700005566,1
60003700005573,1
60003700005596,1
60003700005598,1
60003700005615,1
60003700005624,1
60003700005627,1
60003700005643,1
60003700005672,1
60003700005690,1
60003700005696,1
60003700005708,1
60003700005715,1
60003700005721,1
60003700005730,1
60003700005734,1
60003700005740,1
60003700005741,1
60003700005744,1
60003700005756,1
60003700005760,1
60003700005768,1
60003700005775,1
60003700005790,1
60003700005797,1
60003700005817,1
60003700005822,1
60003700005829,1
60003700005832,1
60003700005833,1
60003700005836,1
60003700005841,1
60003700005843,1
60003700005845,1
60003700005846,1
60003700005848,1
60003700005854,1
60003700005890,1
60003700005891,1
60003700005902,1
60003700005926,1
60003700005935,1
60003700005939,1
60003700005941,1
60003700005947,1
60003700005953,1
60003700005959,1
60003700005964,1
60003700005970,1
60003700005985,1
60003700005992,1
60003700006000,1
60003700006010,1
60003700006023,1
60003700006025,1
60003700006027,1
60003700006031,1
60003700006033,1
60003700006035,1
60003700006039,1
60003700006049,1
60003700006051,1
60003700006058,1
60003700006064,1
60003700006081,1
60003700006083,1
60003700006106,1
60003700006107,1
60003700006114,1
60003700006122,1
60003700006126,1
60003700006127,1
60003700006129,1
60003700006131,1
60003700006134,1
60003700006135,1
60003700006136,1
60003700006140,1
60003700006149,1
60003700006153,1
60003700006155,1
60003700006158,1
60003700006159,1
60003700006165,1
60003700006180,1
60003700006184,1
60003700006185,1
60003700006199,1
60003700006206,1
60003700006229,1
60003700006235,1
60003700006243,1
60003700006246,1
60003700006248,1
60003700006251,1
60003700006271,1
60003700006273,1
60003700006274,1
60003700006285,1
60003700006288,1
60003700006299,0
60003700006303,1
60003700006323,1
60003700006327,1
60003700006330,1
60003700006336,1
60003700006353,1
60003700006355,1
60003700006360,1
60003700006364,1
60003700006372,1
60003700006377,1
60003700006379,1
60003700006383,1
60003700006388,1
60003700006406,1
60003700006414,1
60003700006415,1
60003700006417,1
60003700006427,1
60003700006445,1
60003700006453,1
60003700006454,1
60003700006458,1
60003700006463,1
60003700006471,1
60003700006478,1
60003700006490,1
60003700006495,1
60003700006497,1
60003700006507,1
60003700006516,1
60003700001586,1
60003700001590,1
60003700001593,1
60003700001606,1
60003700001615,1
60003700001620,1
60003700001628,1
60003700001640,1
60003700001643,1
60003700001661,1
60003700001684,1
60003700001695,1
60003700001696,1
60003700001701,1
60003700001708,1
60003700001712,1
60003700001723,1
60003700001726,1
60003700001727,1
60003700001728,1
60003700001731,1
60003700001732,1
60003700001735,1
60003700001744,1
60003700001745,1
60003700001746,1
60003700006518,1
60003700001753,1
60003700001773,1
60003700001782,1
60003700001783,1
60003700001790,1
60003700001799,1
60003700001807,1
60003700001814,1
60003700001819,1
60003700001837,1
60003700001842,1
60003700001870,1
60003700001877,1
60003700001889,1
60003700001891,1
60003700001900,1
60003700001912,1
60003700001944,1
60003700001947,1
60003700001966,1
60003700001984,1
60003700009019,1
60003700009032,1
60003700009079,1
60003700009080,1
60003700009089,1
60003700009091,1
60003700009235,1
60003700007036,1
60003700007048,1
60003700007133,1
60003700007141,1
60003700007152,1
60003700007156,1
60003700007159,1
60003700007172,1
60003700007181,1
60003700007186,1
60003700007190,1
60003700007193,1
60003700007199,1
60003700007200,1
60003700007211,1
60003700007220,1
60003700007245,1
60003700007262,1
60003700007266,1
60003700019809,1
60003700019811,1
60003700019817,1
60003700019820,1
60003700019826,1
60003700007271,1
60003700019830,1
60003700019834,1
60003700019839,1
60003700019862,1
60003700019878,1
60003700019881,1
60003700019888,1
60003700019892,1
60003700019894,1
60003700019896,1
60003700019900,1
60003700019903,1
60003700019909,1
60003700019928,1
60003700019939,1
60003700019947,1
60003700019950,1
60003700019956,1
60003700019959,1
60003700019965,1
60003700019974,1
60003700019975,1
60003700019979,1
60003700019982,1
60003700019989,1
60003700020009,1
60003700007274,1
60003700007306,1
60003700007313,1
60003700007332,1
60003700007335,1
60003700020013,1
60003700007338,1
60003700007348,1
60003700007352,1
60003700020015,1
60003700007353,1
60003700007365,1
60003700007390,1
60003700007391,1
60003700007400,1
60003700007403,1
60003700007405,1
60003700020021,1
60003700020029,1
60003700020034,1
60003700020049,1
60003700020059,1
60003700020060,1
60003700007410,1
60003700007430,1
60003700007433,1
60003700007444,1
60003700020063,1
60003700020064,1
60003700020071,1
60003700020077,1
60003700020082,1
60003700020100,1
60003700007447,1
60003700007482,1
60003700020105,0
60003700020109,1
60003700007485,1
60003700007486,1
60003700007502,1
60003700007518,1
60003700007520,1
60003700007522,0
60003700007523,1
60003700007524,1
60003700007532,1
60003700007540,1
60003700007543,1
60003700007555,1
60003700007564,1
60003700007571,1
60003700007580,1
60003700007582,1
60003700007590,1
60003700007596,1
60003700007609,1
60003700007621,1
60003700007635,1
60003700007636,1
60003700007640,1
60003700007653,1
60003700007668,1
60003700007669,1
60003700007671,1
60003700007677,1
60003700007678,1
60003700007711,1
60003700007714,1
60003700007725,1
60003700007727,1
60003700007745,1
60003700007750,1
60003700007761,1
60003700007764,1
60003700007778,1
60003700007783,1
60003700007794,1
60003700007795,1
60003700007819,1
60003700007830,1
60003700007836,1
60003700007855,1
60003700007861,1
60003700007865,1
60003700007866,1
60003700007877,1
60003700007891,1
60003700007896,1
60003700007913,1
60003700007930,1
60003700007932,1
60003700007933,1
60003700007936,1
60003700007942,1
60003700007948,1
60003700007955,1
60003700007957,1
60003700007970,1
60003700007985,1
60003700007993,1
60003700008001,1
60003700008003,1
60003700008030,0
60003700008032,1
60003700008035,1
60003700008036,1
60003700008041,1
60003700008042,1
60003700008057,1
60003700008062,1
60003700008072,1
60003700008088,1
60003700008111,1
60003700008113,1
60003700008116,1
60003700008124,1
60003700008127,1
60003700008140,1
60003700008142,1
60003700008156,1
60003700008160,1
60003700008163,1
60003700008164,1
60003700008171,1
60003700008174,1
60003700008178,1
60003700008182,1
60003700008186,1
60003700008207,0
60003700008214,1
60003700008225,1
60003700008237,1
60003700008409,1
60003700009237,1
60003700009254,1
60003700009259,1
60003700009262,0
60003700009263,0
60003700008414,1
60003700009271,1
60003700009275,1
60003700009278,1
60003700009301,1
60003700009322,1
60003700009328,1
60003700009330,1
60003700009332,1
60003700008426,1
60003700008430,1
60003700008433,1
60003700008440,1
60003700008457,1
60003700008480,1
60003700008482,1
60003700008483,1
60003700008491,1
60003700008493,1
60003700008497,1
60003700008507,1
60003700008508,1
60003700008514,0
60003700008515,1
60003700008516,1
60003700008518,1
60003700008526,1
60003700008538,1
60003700008547,1
60003700008554,1
60003700008557,1
60003700008566,1
60003700008568,1
60003700008576,1
60003700008593,1
60003700008609,1
60003700008620,1
60003700008621,1
60003700008629,1
60003700008634,1
60003700008645,1
60003700008651,1
60003700008655,1
60003700008656,1
60003700008661,1
60003700008666,1
60003700008670,1
60003700008683,1
60003700008689,1
60003700008690,1
60003700008692,1
60003700008694,1
60003700008711,1
60003700008712,1
60003700008713,1
60003700008716,1
60003700008718,1
60003700008719,1
60003700008721,1
60003700008724,1
60003700008738,1
60003700008749,1
60003700008754,1
60003700008757,1
60003700008767,1
60003700008776,1
60003700008781,1
60003700008786,1
60003700008794,1
60003700008804,1
60003700008815,1
60003700008819,1
60003700008828,1
60003700008835,1
60003700008843,1
60003700008849,1
60003700008854,1
60003700008856,1
60003700008866,1
60003700008870,1
60003700008872,1
60003700008883,1
60003700008890,1
60003700008892,1
60003700008899,1
60003700008902,1
60003700008908,1
60003700008912,1
60003700008924,1
60003700008930,1
60003700008932,1
60003700008939,1
60003700008942,1
60003700008947,1
60003700008948,1
60003700008953,1
60003700008957,1
60003700008959,1
60003700008966,1
60003700008977,1
60003700008980,1
60003700008984,1
60003700008990,1
60003700009008,1
60003700009012,1
60003700006813,1
60003700006818,1
60003700006840,1
60003700006846,1
60003700006860,1
60003700006867,1
60003700006868,1
60003700006880,1
60003700006897,1
60003700006904,1
60003700006905,1
60003700006906,1
60003700006927,1
60003700006933,1
60003700006934,1
60003700006944,1
60003700006948,1
60003700006953,1
60003700006969,1
60003700006971,1
60003700006975,1
60003700009521,0
60003700009553,1
60003700009561,0
60003700009564,1
60003700009587,1
60003700009588,1
60003700009593,1
60003700009594,0
60003700009602,1
60003700009606,1
60003700009616,0
60003700009628,1
60003700009631,1
60003700009634,1
60003700009650,1
60003700009677,0
60003700009685,1
60003700009686,1
60003700009692,1
60003700009696,1
60003700009700,1
60003700009737,1
60003700009742,1
60003700002770,1
60003700002775,1
60003700002780,1
60003700002786,1
60003700002787,1
60003700002791,1
60003700002793,1
60003700002795,1
60003700002806,1
60003700002840,1
60003700002845,1
60003700002877,1
60003700002879,1
60003700002880,1
60003700002896,1
60003700002899,1
60003700002902,1
60003700002911,1
60003700002921,1
60003700002926,1
60003700002950,1
60003700002953,1
60003700002966,1
60003700002970,1
60003700002986,1
60003700003003,1
60003700003007,1
60003700003018,1
60003700003026,1
60003700003034,1
60003700003042,1
60003700003046,1
60003700003069,1
60003700003088,1
60003700003098,1
60003700003100,1
60003700003105,1
60003700003122,1
60003700003125,1
60003700003151,1
60003700003190,1
60003700003191,1
60003700003192,1
60003700003195,1
60003700003211,1
60003700003212,1
60003700003215,1
60003700003219,1
60003700003225,1
60003700003237,1
60003700003247,1
60003700003251,1
60003700003253,1
60003700003255,1
60003700003265,1
60003700003294,1
60003700003320,1
60003700003323,1
60003700003325,1
60003700003326,1
60003700003342,1
60003700003355,1
60003700003388,1
60003700003389,1
60003700003393,1
60003700003397,1
60003700003402,1
60003700003419,1
60003700003422,1
60003700003432,1
60003700003435,1
60003700003438,1
60003700003443,1
60003700003461,1
60003700003493,1
60003700003505,1
60003700003507,1
60003700003521,1
60003700003522,1
60003700003524,1
60003700003531,1
60003700003535,1
60003700003578,1
60003700003579,1
60003700003585,1
60003700003590,1
60003700003593,1
60003700003606,1
60003700003612,1
60003700003629,1
60003700003630,1
60003700003634,1
60003700003648,1
60003700003651,1
60003700003658,1
60003700003660,1
60003700003668,1
60003700003679,1
60003700003685,1
60003700003688,1
60003700003693,1
60003700003697,1
60003700003703,1
60003700003704,1
60003700003706,1
60003700003710,1
60003700003717,1
60003700003719,1
60003700003726,1
60003700003739,1
60003700003743,1
60003700003752,1
60003700003759,1
60003700003764,1
60003700003765,1
60003700003778,1
60003700003780,1
60003700003785,1
60003700003811,1
60003700003820,1
60003700003830,1
60003700003847,1
60003700003851,1
60003700003854,1
60003700003937,1
60003700003947,1
60003700003955,1
60003700003960,1
60003700003969,1
60003700003973,1
60003700003987,1
60003700003988,1
60003700003996,1
60003700004000,1
60003700004001,1
60003700004016,1
60003700004027,1
60003700004032,1
60003700004047,1
60003700004050,1
60003700004055,1
60003700004058,1
60003700004061,1
60003700004064,1
60003700004067,1
60003700004073,1
60003700004074,1
60003700004081,1
60003700004092,1
60003700004097,1
60003700004131,0
60003700004142,1
60003700004179,1
60003700004183,1
60003700002599,1
60003700002607,1
60003700002609,1
60003700002614,1
60003700002618,1
60003700002626,1
60003700002641,1
60003700002648,1
60003700002653,1
60003700002658,1
60003700002660,1
60003700002685,1
60003700002691,1
60003700002696,1
60003700002702,1
60003700002717,1
60003700002722,1
60003700002734,1
60003700002741,1
60003700002745,1
60003700002746,1
60003700002748,1
60003700002755,1
60003700020127,1
60003700020134,1
60003700020139,1
60003700020145,1
60003700020147,1
60003700020149,1
60003700020155,1
60003700020183,1
60003700020188,1
60003700020208,1
60003700002756,1
60003700020210,1
60003700020212,1
60003700020218,1
60003700020219,1
60003700020226,1
60003700020229,1
60003700002757,1
60003700002761,1
60003700020233,1
60003700020238,1
60003700020243,1
60003700020249,1
60003700020255,1
60003700020256,1
60003700020275,1
60003700020279,1
60003700020281,1
60003700020288,1
60003700002766,1
60003700002768,1
60003700002778,1
60003700002802,1
60003700002805,1
60003700002808,1
60003700002826,1
60003700002829,1
60003700002831,1
60003700002835,1
60003700002855,1
60003700002858,1
60003700002906,1
60003700002908,1
60003700002909,1
60003700002936,1
60003700002939,1
60003700002943,1
60003700002951,1
60003700002955,1
60003700002960,1
60003700002967,1
60003700002983,1
60003700002988,1
60003700002990,1
60003700009334,1
60003700009336,1
60003700009338,1
60003700009339,1
60003700002065,1
60003700009345,1
60003700002067,1
60003700002070,1
60003700002075,1
60003700002078,1
60003700002080,1
60003700002092,1
60003700002109,1
60003700002112,1
60003700002166,1
60003700002173,1
60003700002178,1
60003700002179,1
60003700002186,1
60003700002190,1
60003700002197,1
60003700002204,1
60003700002224,1
60003700002229,1
60003700002232,1
60003700002235,1
60003700002242,1
60003700002251,1
60003700002253,1
60003700002278,1
60003700002286,1
60003700002291,1
60003700002299,1
60003700002340,1
60003700002345,1
60003700002368,1
60003700002384,1
60003700002389,1
60003700002392,1
60003700002398,1
60003700002407,1
60003700002416,1
60003700002424,1
60003700002433,1
60003700002435,1
60003700002456,1
60003700002463,1
60003700002467,1
60003700002469,1
60003700002487,1
60003700002488,1
60003700002489,1
60003700002508,1
60003700002509,1
60003700002517,1
60003700002528,1
60003700002545,1
60003700002547,1
60003700002550,1
60003700002564,1
60003700002566,1
60003700002567,1
60003700002569,1
60003700002573,1
60003700002583,1
60003700002589,1
60003700002601,1
60003700002603,1
60003700002605,1
60003700002612,1
60003700002620,1
60003700002621,1
60003700002630,1
60003700002631,1
60003700002633,1
60003700002637,1
60003700002639,1
60003700002645,1
60003700002651,1
60003700002663,1
60003700002671,1
60003700002678,1
60003700002684,1
60003700002688,1
60003700002690,1
60003700002713,1
60003700002729,1
60003700002744,1
60003700002769,1
60003700009348,1
60003700009349,1
60003700009373,1
60003700009383,1
60003700009390,1
60003700009409,1
60003700009411,1
60003700009417,1
60003700009433,1
60003700009439,1
60003700009442,1
60003700009444,1
60003700009468,1
60003700009496,1
60003700009502,1
60003700009504,1
60003700020298,1
60003700020299,1
60003700020300,1
60003700020307,1
60003700020339,1
60003700020345,1
60003700020348,1
60003700020350,1
60003700020355,1
60003700020359,1
60003700020371,1
60003700020372,1
60003700020387,1
60003700020401,1
60003700020421,1
60003700020422,1
60003700020430,1
60003700020431,1
60003700020433,1
60003700020440,1
60003700020444,1
60003700020491,1
60003700020507,1
60003700020510,1
60003700020511,1
60003700020518,1
60003700020520,1
60003700020538,1
60003700020547,1
60003700020557,1
60003700020560,1
60003700020567,1
60003700020580,1
60003700020587,1
60003700020589,1
60003700020598,1
60003700020612,1
60003700020620,1
60003700002999,1
60003700003012,1
60003700003021,1
60003700003022,1
60003700003035,1
60003700003048,1
60003700003061,1
60003700003081,1
60003700003086,1
60003700003092,0
60003700003102,1
60003700003107,1
60003700003111,1
60003700003117,1
60003700003127,1
60003700003166,1
60003700020634,1
60003700020636,1
60003700020638,1
60003700020641,1
60003700020663,1
60003700020664,1
60003700020672,1
60003700003167,1
60003700003179,1
60003700003183,1
60003700003185,1
60003700003213,1
60003700003236,1
60003700003243,1
60003700003249,1
60003700003261,1
60003700003267,1
60003700003271,1
60003700003287,1
60003700003301,1
60003700003306,1
60003700003319,1
60003700003339,1
60003700003357,1
60003700003359,1
60003700003366,1
60003700003370,1
60003700003373,1
60003700003375,1
60003700003380,1
60003700020683,1
60003700020686,1
60003700020687,1
60003700003387,1
60003700003392,1
60003700003399,1
60003700003400,1
60003700003404,1
60003700020698,1
60003700020704,1
60003700020717,1
60003700020722,0
60003700020731,1
60003700020734,1
60003700020737,1
60003700020761,1
60003700020767,1
60003700020768,1
60003700020782,1
60003700020830,1
60003700020838,1
60003700020853,1
60003700020856,1
60003700020871,1
60003700020877,1
60003700020901,1
60003700020920,1
60003700020945,1
60003700020949,1
60003700020950,1
60003700020963,1
60003700020979,1
60003700020996,1
60003700020997,1
60003700020999,1
60003700021019,1
60003700021025,1
60003700021069,0
60003700021135,1
60003700021140,1
60003700021155,1
60003700021158,1
60003700021168,1
60003700021179,1
60003700021192,0
60003700021197,1
60003700021198,1
60003700021199,1
60003700021203,1
60003700021213,1
60003700021217,1
60003700021224,1
60003700021245,1
60003700021247,1
60003700021264,1
60003700021265,1
60003700021271,1
60003700021276,1
60003700021279,1
60003700021289,1
60003700021295,1
60003700021296,1
60003700021315,1
60003700021318,1
60003700021320,1
60003700021322,1
60003700021327,1
60003700021329,1
60003700021353,1
60003700021360,1
60003700021369,1
60003700021373,1
60003700021376,1
60003700021384,1
60003700021390,1
60003700021413,1
60003700021420,1
60003700021421,1
60003700021440,1
60003700021441,1
60003700021444,1
60003700021448,1
60003700021452,1
60003700021473,1
60003700021474,1
60003700021475,1
60003700021478,1
60003700021484,1
60003700021504,1
60003700021510,1
60003700021511,1
60003700021522,1
60003700021538,1
60003700021540,1
60003700021543,1
60003700021547,1
60003700021557,1
60003700021559,1
60003700021561,1
60003700021591,1
60003700021598,1
60003700021612,1
60003700021613,1
60003700021615,1
60003700021616,1
60003700021620,1
60003700021651,1
60003700021652,1
60003700021658,1
60003700021674,1
60003700021686,1
60003700021693,1
60003700021696,1
60003700021717,1
60003700021721,1
60003700021722,1
60003700021746,1
60003700021779,1
60003700021781,1
60003700021782,1
60003700021797,1
60003700021805,1
60003700021811,1
60003700003407,1
60003700003409,1
60003700003430,1
60003700003431,1
60003700003434,1
60003700003441,1
60003700003458,1
60003700003504,1
60003700003517,1
60003700003528,1
60003700003536,1
60003700003557,1
60003700003558,1
60003700003565,1
60003700003566,1
60003700003568,1
60003700003587,1
60003700003600,1
60003700003613,1
60003700003620,1
60003700003628,1
60003700003632,1
60003700003635,1
60003700021818,1
60003700021823,1
60003700003650,1
60003700003652,1
60003700003653,1
60003700021829,1
60003700021838,1
60003700021839,1
60003700021857,1
60003700021865,1
60003700021869,1
60003700003667,1
60003700003678,1
60003700003687,1
60003700003699,1
60003700003707,1
60003700003721,1
60003700003725,1
60003700003734,1
60003700003738,1
60003700003749,1
60003700003754,1
60003700003767,1
60003700003779,1
60003700003781,1
60003700003784,1
60003700003787,1
60003700003923,1
60003700003929,1
60003700003930,1
60003700003941,1
60003700003943,1
60003700003954,1
60003700003961,1
60003700003966,1
60003700003975,1
60003700003990,1
60003700003997,1
60003700004002,1
60003700004004,1
60003700004007,1
60003700004017,1
60003700004019,1
60003700004028,1
60003700004035,1
60003700004042,1
60003700004053,1
60003700004060,1
60003700004065,1
60003700021876,1
60003700021881,1
60003700021891,1
60003700021895,1
60003700021903,1
60003700021911,1
60003700021918,1
60003700021920,1
60003700021935,1
60003700021937,1
60003700021950,1
60003700021952,1
60003700021955,1
60003700021956,1
60003700021965,1
60003700021979,1
60003700021980,1
60003700021988,0
60003700022000,1
60003700022012,1
60003700022016,1
60003700022019,1
60003700022030,1
60003700022035,1
60003700022040,1
60003700022047,1
60003700022068,1
60003700022083,1
60003700022093,1
60003700022094,1
60003700022113,1
60003700022118,1
60003700022120,1
60003700022122,1
60003700022123,1
60003700022151,1
60003700022165,1
60003700022173,1
60003700022185,1
60003700022210,1
60003700022218,1
60003700022226,0
60003700022228,1
60003700022243,1
60003700022247,1
60003700022267,1
60003700022269,1
60003700022271,1
60003700022290,1
60003700022303,1
60003700022309,1
60003700022316,1
60003700022319,1
60003700022321,1
60003700022322,1
60003700022323,1
60003700022348,1
60003700022352,1
60003700022366,1
60003700022368,1
60003700022378,1
60003700022394,1
60003700022400,1
60003700022401,1
60003700022404,1
60003700022413,1
60003700022429,1
60003700022440,1
60003700022450,1
60003700022471,1
60003700022478,1
60003700022479,1
60003700022494,1
60003700022507,1
60003700022528,1
60003700022539,1
60003700022572,1
60003700022575,1
60003700022581,1
60003700022585,1
60003700022589,1
60003700022601,1
60003700022603,1
60003700022608,1
60003700022625,1
60003700022632,1
60003700022650,1
60003700022652,1
60003700022657,1
60003700022659,1
60003700022684,1
60003700022693,1
60003700022700,0
60003700022709,1
60003700022713,1
60003700022723,1
60003700022733,1
60003700022738,1
60003700022740,1
60003700022746,1
60003700022748,1
60003700022756,1
60003700022760,1
60003700022766,1
60003700022783,1
60003700022795,1
60003700022810,1
60003700022812,1
60003700022830,1
60003700022836,1
60003700022854,1
60003700022863,1
60003700022874,1
60003700022878,1
60003700022879,1
60003700022881,1
60003700022889,1
60003700022891,1
60003700022898,1
60003700022909,1
60003700022919,1
60003700022923,1
60003700022925,1
60003700022926,1
60003700022927,1
60003700022928,1
60003700022930,1
60003700022935,1
60003700022944,1
60003700022949,1
60003700022959,1
60003700022969,1
60003700022970,1
60003700023484,1
60003700023490,1
60003700023503,1
60003700023531,1
60003700023552,1
60003700023557,1
60003700023558,1
60003700023575,1
60003700023586,1
60003700023589,1
60003700023593,1
60003700023595,1
60003700023600,1
60003700023611,1
60003700023615,1
60003700023639,1
60003700023645,1
60003700023655,1
60003700023656,1
60003700023664,1
60003700023680,1
60003700023713,1
60003700023719,1
60003700023721,1
60003700023731,1
60003700023739,1
60003700023745,0
60003700023751,1
60003700023759,1
60003700023760,1
60003700023772,1
60003700023774,1
60003700023775,1
60003700023781,1
60003700023785,1
60003700023789,1
60003700023792,1
60003700023793,1
60003700023800,1
60003700023811,1
60003700023812,1
60003700023818,1
60003700023824,1
60003700023831,1
60003700023832,1
60003700023840,1
60003700023856,1
60003700023858,1
60003700020462,1
60003700020482,1
60003700020498,1
60003700020500,1
60003700020509,1
60003700020515,1
60003700020522,1
60003700020525,1
60003700020536,1
60003700020545,1
60003700020548,1
60003700020551,1
60003700020554,1
60003700020555,1
60003700020559,1
60003700020561,1
60003700020566,1
60003700020569,1
60003700020570,1
60003700020573,1
60003700020583,1
60003700020593,1
60003700020596,1
60003700020597,1
60003700020603,1
60003700020604,1
60003700020608,1
60003700020609,1
60003700020625,1
60003700020632,1
60003700020645,1
60003700020655,1
60003700020660,0
60003700020685,1
60003700020700,1
60003700020718,1
60003700020723,1
60003700020735,1
60003700020740,1
60003700020752,1
60003700020778,1
60003700020779,1
60003700020788,1
60003700020792,1
60003700020796,1
60003700020797,1
60003700020809,1
60003700020822,1
60003700020824,1
60003700020840,1
60003700020854,1
60003700020904,1
60003700020905,1
60003700020906,1
60003700020907,1
60003700020908,1
60003700020914,1
60003700020915,1
60003700020916,1
60003700020936,1
60003700020943,1
60003700020951,1
60003700020971,1
60003700020976,1
60003700020981,1
60003700020985,1
60003700020988,1
60003700021005,1
60003700021007,1
60003700021021,1
60003700021024,1
60003700021027,0
60003700021029,1
60003700021036,1
60003700021042,1
60003700021053,1
60003700021057,1
60003700021062,1
60003700021067,0
60003700021070,1
60003700021077,1
60003700021086,1
60003700021106,1
60003700021134,1
60003700021136,1
60003700021139,1
60003700021141,1
60003700021156,1
60003700021161,1
60003700021190,1
60003700021220,1
60003700021222,1
60003700021239,1
60003700021242,1
60003700021249,1
60003700021250,1
60003700021252,1
60003700021253,1
60003700021255,1
60003700021258,1
60003700021259,1
60003700021273,1
60003700021282,1
60003700021283,1
60003700021292,1
60003700021293,1
60003700021331,1
60003700021343,1
60003700021350,1
60003700021354,1
60003700021355,1
60003700021358,1
60003700021368,1
60003700021371,1
60003700021372,1
60003700021374,1
60003700021382,1
60003700021398,1
60003700021400,1
60003700021415,1
60003700021425,1
60003700021426,1
60003700021446,1
60003700021460,1
60003700021466,1
60003700021467,1
60003700021482,1
60003700021485,1
60003700021487,1
60003700021490,1
60003700021493,1
60003700021508,1
60003700021520,1
60003700021521,1
60003700022975,1
60003700022980,1
60003700022982,1
60003700022992,1
60003700022996,1
60003700023006,1
60003700023007,0
60003700023022,1
60003700023049,1
60003700023050,1
60003700023059,1
60003700020235,1
60003700020241,1
60003700021524,1
60003700021528,1
60003700020250,1
60003700020257,1
60003700021544,1
60003700021553,1
60003700021554,1
60003700021555,1
60003700021558,1
60003700021569,1
60003700021570,1
60003700021599,1
60003700021602,1
60003700021604,1
60003700021605,1
60003700021627,1
60003700021630,1
60003700021632,1
60003700021633,1
60003700021636,1
60003700021638,1
60003700021642,1
60003700021645,1
60003700021646,1
60003700021647,1
60003700021660,1
60003700021661,1
60003700021736,1
60003700021738,1
60003700021740,1
60003700021749,1
60003700021752,1
60003700021755,1
60003700021766,1
60003700021953,1
60003700021960,1
60003700021968,1
60003700021974,1
60003700021976,1
60003700021767,1
60003700021768,1
60003700021774,1
60003700021776,1
60003700021785,1
60003700021787,1
60003700021793,1
60003700021794,1
60003700021835,1
60003700021842,1
60003700021844,1
60003700021878,1
60003700021880,1
60003700021883,1
60003700021893,1
60003700021915,1
60003700021930,1
60003700021934,0
60003700021939,1
60003700021942,1
60003700021943,1
60003700021977,1
60003700021985,1
60003700021992,1
60003700021994,1
60003700022007,1
60003700022037,0
60003700022058,1
60003700022066,1
60003700022069,0
60003700022075,1
60003700022077,1
60003700022082,1
60003700022086,1
60003700022090,1
60003700022101,1
60003700022105,1
60003700022121,1
60003700022129,1
60003700022133,1
60003700022145,1
60003700022158,1
60003700022169,1
60003700022176,1
60003700022190,1
60003700022191,1
60003700022198,1
60003700022199,1
60003700022205,1
60003700022211,1
60003700020262,1
60003700020269,1
60003700020270,1
60003700020274,1
60003700020280,1
60003700020282,1
60003700020285,1
60003700020295,0
60003700020316,1
60003700020320,1
60003700020329,1
60003700020332,1
60003700020336,1
60003700020338,1
60003700020344,1
60003700020354,1
60003700020360,1
60003700020361,1
60003700020366,1
60003700020370,1
60003700020382,1
60003700020386,1
60003700020388,1
60003700020395,1
60003700020407,1
60003700020409,1
60003700020413,1
60003700020419,1
60003700020423,1
60003700020432,1
60003700020434,1
60003700020439,1
60003700020441,1
60003700020454,1
60003700020458,1
60003700022220,1
60003700022227,1
60003700022232,1
60003700022236,1
60003700022241,1
60003700022255,1
60003700022268,1
60003700022274,1
60003700022276,1
60003700022288,1
60003700022300,1
60003700022305,1
60003700022306,1
60003700022308,1
60003700022312,1
60003700022315,1
60003700022325,1
60003700022327,1
60003700022343,1
60003700022358,1
60003700022359,1
60003700022363,1
60003700022367,1
60003700022375,1
60003700022381,1
60003700022393,1
60003700022397,0
60003700022402,1
60003700022406,1
60003700022421,1
60003700022422,1
60003700022424,1
60003700022431,1
60003700022442,1
60003700022444,1
60003700022447,0
60003700022449,1
60003700022452,1
60003700022454,1
60003700022459,1
60003700022463,1
60003700022469,1
60003700022474,1
60003700022480,1
60003700022488,1
60003700022491,1
60003700022495,1
60003700022510,1
60003700022520,1
60003700022532,1
60003700022541,1
60003700022547,1
60003700022557,1
60003700022582,1
60003700022586,1
60003700022588,1
60003700022609,1
60003700022622,1
60003700022628,1
60003700022644,1
60003700022645,1
60003700022648,1
60003700022660,1
60003700022661,1
60003700022676,1
60003700022817,1
60003700022818,1
60003700022821,1
60003700022823,1
60003700022824,1
60003700022834,1
60003700022843,1
60003700022851,1
60003700022864,1
60003700022866,1
60003700022877,1
60003700022884,1
60003700022890,1
60003700022897,1
60003700022901,1
60003700022906,1
60003700022913,1
60003700022918,1
60003700022937,1
60003700022946,1
60003700022948,1
60003700022950,1
60003700022972,1
60003700022986,1
60003700022994,1
60003700023002,1
60003700023010,0
60003700023018,1
60003700023021,1
60003700023029,1
60003700023037,1
60003700023042,1
60003700023055,1
60003700023067,1
60003700023084,1
60003700023093,1
60003700023099,1
60003700023102,1
60003700023113,1
60003700023134,1
60003700023135,1
60003700023150,1
60003700023167,1
60003700023168,1
60003700023173,1
60003700023187,1
60003700023196,1
60003700023197,1
60003700023207,1
60003700023211,1
60003700023214,1
60003700023222,1
60003700023229,1
60003700023253,1
60003700023261,1
60003700023268,1
60003700023272,1
60003700023275,1
60003700023276,1
60003700023292,1
60003700023294,1
60003700023295,1
60003700023305,1
60003700023306,1
60003700023312,1
60003700023315,1
60003700023319,1
60003700023325,1
60003700023339,1
60003700023342,1
60003700023357,1
60003700023358,1
60003700023362,1
60003700023363,1
60003700023368,1
60003700023378,1
60003700023391,1
60003700023393,1
60003700023398,1
60003700023400,1
60003700023401,1
60003700023404,1
60003700023418,1
60003700023424,1
60003700023431,1
60003700023432,1
60003700023445,1
60003700023452,1
60003700023456,1
60003700023464,1
60003700023476,1
60003700016774,1
60003700016788,1
60003700016794,1
60003700016797,1
60003700016908,1
60003700016914,1
60003700016930,1
60003700016933,1
60003700016945,1
60003700016964,1
60003700016965,1
60003700016967,1
60003700016977,1
60003700016982,1
60003700016986,1
60003700016993,1
60003700017008,1
60003700017014,1
60003700017018,1
60003700017025,1
60003700017036,1
60003700017048,1
60003700017053,1
60003700017055,1
60003700017058,1
60003700017064,1
60003700017067,1
60003700017076,1
60003700017078,1
60003700017080,1
60003700017089,0
60003700017091,1
60003700017108,1
60003700017110,1
60003700017112,1
60003700017114,1
60003700017162,1
60003700017163,1
60003700017169,1
60003700017171,1
60003700017172,1
60003700017185,1
60003700017190,1
60003700017191,1
60003700017204,1
60003700017212,1
60003700017215,1
60003700017227,1
60003700017245,1
60003700017253,1
60003700017254,1
60003700017257,1
60003700017270,1
60003700017284,1
60003700017286,1
60003700017299,1
60003700017305,1
60003700017308,1
60003700017318,1
60003700017321,1
60003700017329,1
60003700017331,1
60003700017344,1
60003700017345,1
60003700017359,1
60003700017366,1
60003700017371,1
60003700017376,1
60003700017377,1
60003700017396,1
60003700017400,1
60003700017404,1
60003700017406,1
60003700017431,1
60003700017434,1
60003700017444,1
60003700017493,1
60003700017505,1
60003700017507,1
60003700017510,1
60003700017523,1
60003700017526,1
60003700017533,1
60003700017542,1
60003700017544,1
60003700017546,1
60003700017550,1
60003700017554,1
60003700015508,1
60003700015509,1
60003700015541,1
60003700015556,1
60003700015559,1
60003700015560,1
60003700015563,1
60003700015574,1
60003700015583,1
60003700015598,1
60003700015603,1
60003700015612,1
60003700015616,1
60003700015623,1
60003700015633,1
60003700015635,1
60003700015652,1
60003700015658,1
60003700015702,1
60003700015707,1
60003700015708,1
60003700015722,1
60003700015725,1
60003700015727,1
60003700015738,1
60003700015747,1
60003700015752,1
60003700015754,1
60003700015755,1
60003700015758,1
60003700015766,1
60003700015772,1
60003700015776,1
60003700015777,1
60003700015778,1
60003700015785,1
60003700015797,1
60003700015824,1
60003700015851,1
60003700015852,1
60003700015855,1
60003700015867,1
60003700015874,1
60003700015875,1
60003700015879,1
60003700015880,1
60003700015882,1
60003700015906,1
60003700015909,1
60003700015914,1
60003700015929,1
60003700015936,1
60003700015940,1
60003700015964,1
60003700015973,1
60003700015975,1
60003700015989,1
60003700015991,1
60003700016005,1
60003700016022,1
60003700016023,1
60003700016035,1
60003700016058,1
60003700016062,1
60003700016065,1
60003700016070,1
60003700016071,1
60003700016074,1
60003700016084,0
60003700016094,1
60003700016122,1
60003700016126,1
60003700016130,1
60003700016141,1
60003700016142,1
60003700016153,1
60003700016156,1
60003700016157,1
60003700016177,1
60003700016185,1
60003700016216,1
60003700016222,1
60003700016224,1
60003700016226,1
60003700016248,1
60003700016254,1
60003700016256,1
60003700016261,1
60003700016270,1
60003700016273,1
60003700016275,1
60003700016286,1
60003700016300,1
60003700016309,1
60003700016347,1
60003700016356,1
60003700016358,1
60003700016384,1
60003700016396,1
60003700016421,1
60003700016428,1
60003700016435,0
60003700016437,0
60003700016447,1
60003700016456,1
60003700016474,1
60003700016483,1
60003700016486,1
60003700016487,1
60003700016492,1
60003700016494,1
60003700016496,1
60003700016502,1
60003700016516,1
60003700016517,1
60003700016518,1
60003700016519,1
60003700016532,1
60003700016541,1
60003700016543,1
60003700016559,1
60003700016566,1
60003700016577,1
60003700016594,1
60003700016608,1
60003700016614,1
60003700016626,1
60003700016631,1
60003700016635,1
60003700016658,1
60003700016668,1
60003700016679,1
60003700016685,1
60003700016686,1
60003700016693,1
60003700016709,1
60003700016732,1
60003700016746,1
60003700016748,1
60003700016760,1
60003700016764,1
60003700016771,1
60003700013835,1
60003700013847,1
60003700013850,1
60003700013856,1
60003700013876,1
60003700013888,1
60003700013894,1
60003700013897,1
60003700013904,1
60003700013909,1
60003700013935,1
60003700013942,1
60003700013950,1
60003700013953,1
60003700013954,1
60003700013957,1
60003700013980,1
60003700013988,1
60003700014000,1
60003700014003,1
60003700014006,1
60003700014015,1
60003700014032,1
60003700014047,1
60003700014060,1
60003700014074,1
60003700014077,1
60003700014079,1
60003700014096,1
60003700014099,1
60003700014108,1
60003700014109,1
60003700014111,1
60003700014124,1
60003700014135,1
60003700014141,1
60003700014145,1
60003700014150,1
60003700014167,1
60003700014175,1
60003700014178,1
60003700014182,1
60003700014195,1
60003700014200,1
60003700014206,1
60003700014208,1
60003700017555,1
60003700017579,1
60003700014236,1
60003700014241,1
60003700014247,1
60003700014248,1
60003700017581,1
60003700014254,1
60003700014276,1
60003700017597,1
60003700017598,1
60003700017607,1
60003700014282,1
60003700014295,1
60003700014313,1
60003700014337,1
60003700014338,1
60003700014342,1
60003700014344,1
60003700014361,1
60003700014367,1
60003700017610,1
60003700017616,1
60003700017618,1
60003700017633,1
60003700017637,1
60003700017642,1
60003700017653,1
60003700017656,0
60003700017657,0
60003700017664,1
60003700017666,1
60003700017680,1
60003700017681,0
60003700017696,1
60003700017712,1
60003700017713,1
60003700017719,1
60003700017724,1
60003700017728,1
60003700014369,1
60003700014390,1
60003700014391,1
60003700014397,1
60003700014399,1
60003700017743,1
60003700017753,1
60003700017766,1
60003700017776,1
60003700017780,1
60003700017782,1
60003700017798,1
60003700017808,1
60003700014404,1
60003700014426,1
60003700014427,1
60003700014433,1
60003700017818,1
60003700017821,1
60003700017869,1
60003700017870,1
60003700017878,1
60003700017887,1
60003700017914,1
60003700017921,1
60003700017926,1
60003700017929,1
60003700017938,1
60003700017959,1
60003700017963,1
60003700017973,1
60003700018016,0
60003700018021,1
60003700018041,1
60003700018053,1
60003700018060,1
60003700018061,1
60003700018064,1
60003700018067,1
60003700018071,1
60003700018072,1
60003700018081,1
60003700018089,1
60003700018094,1
60003700018097,1
60003700018099,1
60003700018100,1
60003700018109,1
60003700018113,1
60003700018128,1
60003700018137,1
60003700021945,1
60003700021947,1
60003700021948,1
60003700021954,1
60003700021957,1
60003700021964,1
60003700014439,1
60003700014441,1
60003700014449,1
60003700014451,1
60003700014456,1
60003700014462,1
60003700014465,1
60003700014467,1
60003700014479,1
60003700014483,1
60003700014495,1
60003700014496,1
60003700014498,1
60003700014503,1
60003700014505,1
60003700014507,1
60003700014511,1
60003700014519,1
60003700014520,1
60003700014531,1
60003700014532,1
60003700014533,1
60003700014552,1
60003700014554,1
60003700014568,1
60003700014570,1
60003700014577,1
60003700014584,1
60003700014589,1
60003700014599,1
60003700014604,1
60003700014612,1
60003700014614,1
60003700014617,1
60003700014622,1
60003700014659,1
60003700014664,1
60003700014695,1
60003700014696,1
60003700014703,1
60003700014712,1
60003700014736,1
60003700014763,1
60003700014770,1
60003700014771,1
60003700014778,1
60003700014784,1
60003700014792,1
60003700014803,1
60003700014810,1
60003700014843,1
60003700014851,1
60003700014857,1
60003700014864,1
60003700014866,1
60003700014874,1
60003700014878,1
60003700014904,1
60003700014925,1
60003700014936,1
60003700014944,1
60003700014946,1
60003700014965,1
60003700014976,1
60003700021970,1
60003700021978,1
60003700021990,1
60003700014994,1
60003700015002,1
60003700015005,1
60003700015009,1
60003700015013,1
60003700021993,1
60003700021995,1
60003700021998,1
60003700022013,1
60003700015015,1
60003700015019,1
60003700015021,1
60003700015034,1
60003700015035,1
60003700015045,1
60003700015055,1
60003700015062,1
60003700015104,1
60003700015111,1
60003700015163,1
60003700015166,1
60003700015167,1
60003700015169,1
60003700015172,1
60003700015173,1
60003700015217,1
60003700015235,1
60003700015251,1
60003700015252,1
60003700015254,1
60003700015259,1
60003700015260,1
60003700022015,1
60003700022032,1
60003700022042,1
60003700022044,1
60003700022050,1
60003700022060,1
60003700022061,1
60003700022071,1
60003700022095,1
60003700022096,1
60003700022100,1
60003700022102,1
60003700022107,1
60003700022117,1
60003700022125,1
60003700022127,1
60003700022135,1
60003700022137,1
60003700022146,1
60003700022147,1
60003700022150,1
60003700022152,1
60003700022157,1
60003700022178,1
60003700022182,1
60003700022186,1
60003700022188,1
60003700022193,1
60003700022197,1
60003700022201,1
60003700022206,1
60003700022219,1
60003700015261,1
60003700015299,1
60003700015316,1
60003700015317,1
60003700015319,1
60003700015326,1
60003700015330,1
60003700015334,1
60003700015345,1
60003700015346,1
60003700015352,1
60003700015362,1
60003700015366,1
60003700015383,1
60003700015385,1
60003700015386,1
60003700015408,1
60003700015415,1
60003700015416,1
60003700015524,1
60003700015530,1
60003700015548,1
60003700015582,1
60003700015584,1
60003700015619,1
60003700015630,1
60003700015636,1
60003700015646,1
60003700015649,1
60003700015663,1
60003700015668,1
60003700015674,0
60003700022240,1
60003700015684,1
60003700015686,1
60003700015689,1
60003700015691,1
60003700015694,1
60003700015701,1
60003700015706,1
60003700015713,1
60003700015718,1
60003700015719,1
60003700015730,1
60003700015739,1
60003700015745,1
60003700015762,1
60003700015794,1
60003700015796,1
60003700015800,1
60003700015804,1
60003700015812,1
60003700015818,1
60003700015839,1
60003700015844,1
60003700015846,1
60003700015856,1
60003700015857,1
60003700015859,1
60003700015910,1
60003700015913,1
60003700015919,1
60003700015920,1
60003700015935,1
60003700015958,1
60003700015969,1
60003700015977,1
60003700015992,1
60003700015993,1
60003700015996,1
60003700016027,1
60003700016033,1
60003700016039,1
60003700016040,0
60003700016044,1
60003700016054,1
60003700016061,1
60003700016068,1
60003700016069,1
60003700016077,1
60003700016081,0
60003700016108,1
60003700016113,1
60003700016124,1
60003700016125,1
60003700016133,1
60003700016138,1
60003700016144,1
60003700016159,1
60003700016162,1
60003700016165,1
60003700016179,1
60003700016187,1
60003700016188,1
60003700016206,1
60003700016210,1
60003700016225,1
60003700016228,1
60003700016233,1
60003700016234,1
60003700016238,1
60003700016240,1
60003700016242,1
60003700016252,1
60003700013698,1
60003700013700,1
60003700013701,1
60003700013711,1
60003700013712,1
60003700013732,1
60003700013733,1
60003700013737,1
60003700013738,1
60003700013749,1
60003700013751,1
60003700013754,1
60003700013763,1
60003700013767,1
60003700013776,1
60003700013784,1
60003700013788,1
60003700013796,1
60003700013798,1
60003700013820,1
60003700013827,1
60003700013833,1
60003700016565,1
60003700016569,1
60003700016575,1
60003700016580,1
60003700016599,1
60003700016600,1
60003700016623,1
60003700016630,1
60003700016638,1
60003700016661,1
60003700016671,1
60003700016677,1
60003700016694,1
60003700016699,1
60003700016707,1
60003700016719,1
60003700016724,1
60003700016769,1
60003700016770,1
60003700016773,1
60003700016779,1
60003700016780,0
60003700016782,1
60003700016787,1
60003700016806,1
60003700016808,1
60003700016809,1
60003700016843,1
60003700016853,1
60003700016860,1
60003700016866,1
60003700016871,1
60003700016896,1
60003700016918,1
60003700016927,1
60003700016931,1
60003700016941,1
60003700016944,1
60003700016949,1
60003700016952,1
60003700016957,1
60003700016959,1
60003700016961,1
60003700016985,1
60003700016989,1
60003700016992,1
60003700016994,1
60003700017000,1
60003700017019,1
60003700017032,1
60003700017063,1
60003700017079,1
60003700017099,1
60003700017122,1
60003700017128,1
60003700017131,1
60003700017141,1
60003700017148,1
60003700017152,1
60003700017158,1
60003700017181,1
60003700017182,1
60003700017183,1
60003700017193,0
60003700017198,1
60003700009125,1
60003700009131,1
60003700009145,1
60003700009176,1
60003700009181,1
60003700009205,1
60003700009213,1
60003700009216,1
60003700009220,1
60003700009230,1
60003700009238,1
60003700009239,1
60003700009248,1
60003700009249,1
60003700009251,1
60003700009277,1
60003700009282,1
60003700009293,1
60003700009296,1
60003700009300,1
60003700009313,1
60003700009319,1
60003700009331,1
60003700009333,1
60003700009350,1
60003700009352,1
60003700009355,1
60003700009359,1
60003700009372,1
60003700009378,1
60003700009385,1
60003700009387,1
60003700009399,1
60003700009400,1
60003700009427,1
60003700009436,1
60003700009447,1
60003700009451,1
60003700009452,1
60003700009457,1
60003700009460,1
60003700009469,1
60003700009471,1
60003700009482,1
60003700009503,0
60003700007791,1
60003700007803,1
60003700007805,1
60003700007808,1
60003700007815,1
60003700007826,1
60003700007828,1
60003700007831,1
60003700007837,1
60003700007838,1
60003700007843,1
60003700007848,1
60003700007859,1
60003700007863,1
60003700007879,1
60003700007890,1
60003700007893,1
60003700007901,1
60003700007914,1
60003700007926,1
60003700007931,1
60003700007963,1
60003700007964,1
60003700007965,1
60003700007981,1
60003700007989,1
60003700007990,1
60003700007996,1
60003700008004,1
60003700008010,1
60003700008012,1
60003700008013,1
60003700008014,1
60003700008038,1
60003700008051,1
60003700008052,1
60003700008054,1
60003700008060,1
60003700008068,1
60003700008071,1
60003700008077,1
60003700008091,1
60003700008099,1
60003700008107,1
60003700008129,1
60003700008147,1
60003700008149,1
60003700008159,1
60003700008166,1
60003700008167,1
60003700008193,1
60003700008196,1
60003700008210,0
60003700008212,1
60003700008219,1
60003700008220,1
60003700008229,1
60003700008235,1
60003700008245,1
60003700008247,1
60003700008249,1
60003700008250,1
60003700008254,1
60003700008256,1
60003700008273,1
60003700008286,1
60003700008289,1
60003700008305,1
60003700008306,1
60003700008364,1
60003700008373,0
60003700008374,1
60003700008381,1
60003700008383,1
60003700008394,1
60003700008403,1
60003700008419,1
60003700008422,1
60003700008425,1
60003700008429,1
60003700008435,1
60003700008441,1
60003700008443,1
60003700008446,1
60003700008448,1
60003700008474,1
60003700008499,1
60003700008503,1
60003700008529,1
60003700008533,1
60003700008543,1
60003700008548,1
60003700008558,1
60003700008562,1
60003700008567,1
60003700008572,1
60003700008585,1
60003700008594,1
60003700008597,1
60003700008607,1
60003700008622,1
60003700008624,1
60003700008626,1
60003700008627,1
60003700008630,1
60003700008639,1
60003700008648,1
60003700008653,1
60003700008663,1
60003700008686,1
60003700008706,1
60003700008722,1
60003700008727,1
60003700008729,1
60003700008733,1
60003700008742,1
60003700008750,1
60003700008751,1
60003700008755,1
60003700008760,1
60003700008763,1
60003700008772,1
60003700008777,1
60003700008780,1
60003700008783,1
60003700008795,1
60003700008805,1
60003700008806,1
60003700008811,1
60003700008814,1
60003700008817,1
60003700008820,1
60003700008829,1
60003700008834,1
60003700008850,1
60003700008865,1
60003700008889,1
60003700008893,1
60003700008907,1
60003700008909,1
60003700008917,1
60003700008933,1
60003700008941,1
60003700008963,1
60003700008964,1
60003700008975,1
60003700008979,1
60003700008997,1
60003700008999,1
60003700009005,1
60003700009017,1
60003700009026,1
60003700009031,1
60003700009033,1
60003700009034,1
60003700009042,1
60003700009053,1
60003700009058,1
60003700009066,1
60003700009068,1
60003700009069,1
60003700009083,1
60003700009109,1
60003700009114,1
60003700009120,1
60003700016271,1
60003700016278,1
60003700016280,1
60003700016282,1
60003700016284,1
60003700016305,1
60003700016316,1
60003700016325,1
60003700016353,1
60003700016362,1
60003700016381,1
60003700016390,1
60003700016412,1
60003700016422,1
60003700016425,1
60003700016426,1
60003700016445,1
60003700016450,1
60003700016453,1
60003700016457,1
60003700016466,1
60003700016467,1
60003700016469,1
60003700016471,1
60003700016477,1
60003700016489,1
60003700016506,1
60003700016524,1
60003700016537,1
60003700016545,1
60003700016554,1
60003700016555,1
60003700016560,1
60003700023258,1
60003700023265,1
60003700022257,1
60003700022264,1
60003700022270,1
60003700022278,1
60003700023270,1
60003700023271,1
60003700023278,1
60003700023279,1
60003700023300,1
60003700023321,1
60003700023324,1
60003700023327,1
60003700023330,1
60003700023336,1
60003700023351,1
60003700023459,1
60003700023465,1
60003700023469,1
60003700023480,1
60003700023483,1
60003700023485,1
60003700023498,1
60003700023510,1
60003700023518,1
60003700023527,1
60003700023528,1
60003700023539,1
60003700023540,1
60003700023545,1
60003700023555,1
60003700023576,1
60003700023580,1
60003700023587,1
60003700023612,1
60003700023613,1
60003700023618,1
60003700023623,1
60003700023626,1
60003700023627,1
60003700023633,1
60003700023637,1
60003700023647,1
60003700023666,1
60003700023671,1
60003700023681,1
60003700023686,1
60003700023690,1
60003700023697,1
60003700023706,1
60003700023709,1
60003700023723,1
60003700023738,1
60003700023748,1
60003700023749,1
60003700023767,1
60003700023768,1
60003700023770,1
60003700023779,1
60003700023797,1
60003700023798,1
60003700023802,1
60003700023803,1
60003700023813,1
60003700023830,1
60003700023835,1
60003700023853,1
60003700023871,1
60003700023883,1
60003700023886,1
60003700023888,1
60003700023916,1
60003700023917,1
60003700023930,1
60003700023935,1
60003700023944,1
60003700023961,1
60003700023962,1
60003700023987,1
60003700023988,1
60003700023992,1
60003700023993,1
60003700023994,1
60003700023996,1
60003700024001,1
60003700024002,1
60003700024013,1
60003700024030,1
60003700024031,1
60003700024037,1
60003700024061,1
60003700024070,1
60003700025428,1
60003700025432,1
60003700025439,1
60003700025444,1
60003700025446,1
60003700025469,1
60003700025479,1
60003700025482,1
60003700025488,1
60003700024073,1
60003700025497,1
60003700024551,1
60003700024576,1
60003700024584,1
60003700024591,1
60003700024597,1
60003700024607,1
60003700024645,1
60003700024654,1
60003700024656,1
60003700024661,1
60003700024692,1
60003700024702,1
60003700024730,1
60003700024758,1
60003700025504,1
60003700025509,1
60003700025529,1
60003700025546,1
60003700025548,1
60003700024084,1
60003700024089,1
60003700024090,1
60003700024092,1
60003700024101,1
60003700024105,1
60003700024107,1
60003700024109,1
60003700024119,1
60003700024129,1
60003700024132,1
60003700024139,1
60003700024144,1
60003700024146,1
60003700024151,1
60003700024156,1
60003700024157,1
60003700024167,1
60003700024175,1
60003700024178,1
60003700024188,1
60003700024190,1
60003700024760,1
60003700024761,1
60003700024764,1
60003700024780,1
60003700024797,1
60003700024805,1
60003700024817,1
60003700024837,1
60003700024841,1
60003700024844,1
60003700024847,1
60003700024850,1
60003700024863,1
60003700024874,1
60003700024890,1
60003700024894,1
60003700024897,1
60003700024906,1
60003700024199,1
60003700024205,1
60003700024910,1
60003700024213,1
60003700024913,1
60003700024932,1
60003700024938,1
60003700024941,1
60003700024946,1
60003700024955,1
60003700024964,1
60003700024220,1
60003700024223,1
60003700024254,1
60003700024257,1
60003700024258,1
60003700024266,1
60003700024267,1
60003700024270,1
60003700024283,1
60003700024284,1
60003700024287,1
60003700024294,1
60003700022284,1
60003700022287,1
60003700022292,1
60003700022297,1
60003700024318,1
60003700024320,1
60003700024321,1
60003700022301,1
60003700022324,1
60003700022326,1
60003700022369,1
60003700022380,1
60003700022382,1
60003700022383,1
60003700022384,1
60003700022386,1
60003700024974,1
60003700024976,1
60003700024985,1
60003700024988,1
60003700022387,1
60003700022389,1
60003700024992,1
60003700022391,1
60003700022403,1
60003700022420,1
60003700022426,1
60003700022434,1
60003700025000,1
60003700025002,1
60003700025005,1
60003700025012,1
60003700025018,1
60003700025020,1
60003700022435,1
60003700022453,1
60003700022460,1
60003700025022,1
60003700022489,1
60003700025053,1
60003700025058,1
60003700025069,1
60003700025072,1
60003700025076,1
60003700025081,0
60003700025084,1
60003700025096,1
60003700025097,1
60003700025098,1
60003700025099,1
60003700025105,1
60003700025110,1
60003700025121,1
60003700025125,1
60003700025134,1
60003700025136,1
60003700025141,1
60003700025142,1
60003700025159,1
60003700025160,1
60003700025164,1
60003700025168,1
60003700025199,1
60003700025219,1
60003700025223,1
60003700025226,1
60003700025231,1
60003700025233,1
60003700025244,0
60003700025247,1
60003700025261,1
60003700025264,1
60003700025265,1
60003700025270,1
60003700025277,1
60003700025279,1
60003700025284,1
60003700025291,1
60003700025296,0
60003700025298,1
60003700025302,1
60003700025309,1
60003700025317,1
60003700025319,1
60003700025327,1
60003700025335,1
60003700025339,1
60003700025344,1
60003700025349,1
60003700025365,1
60003700025369,1
60003700025370,1
60003700025375,1
60003700025384,1
60003700025393,1
60003700025404,1
60003700025405,1
60003700025414,1
60003700025419,1
60003700025426,1
60003700022502,1
60003700022512,1
60003700022513,1
60003700022514,1
60003700022521,1
60003700009512,0
60003700009519,1
60003700009520,1
60003700024326,1
60003700024374,1
60003700024378,1
60003700024387,1
60003700024388,1
60003700024389,1
60003700024392,1
60003700009528,0
60003700009533,1
60003700009545,1
60003700009549,1
60003700009567,1
60003700009568,1
60003700009574,1
60003700009596,0
60003700024394,1
60003700024412,1
60003700024417,1
60003700009615,0
60003700009623,1
60003700009624,1
60003700009636,1
60003700009637,1
60003700009640,1
60003700009647,1
60003700009656,1
60003700009668,1
60003700009670,1
60003700009673,1
60003700009684,1
60003700009694,1
60003700009711,1
60003700009717,1
60003700009720,1
60003700009725,1
60003700009744,1
60003700009750,1
60003700009752,1
60003700009765,1
60003700009768,1
60003700009771,1
60003700009774,1
60003700009776,1
60003700009778,1
60003700024435,1
60003700024442,1
60003700024456,1
60003700024479,1
60003700024511,1
60003700024536,1
60003700024539,1
60003700009795,1
60003700009802,1
60003700009803,1
60003700009804,1
60003700009828,1
60003700009837,1
60003700009842,1
60003700009850,1
60003700009854,1
60003700009856,1
60003700009860,1
60003700024548,1
60003700024549,1
60003700009875,1
60003700009888,1
60003700009892,1
60003700009900,1
60003700009905,1
60003700009909,1
60003700022527,1
60003700022538,1
60003700022545,1
60003700022552,1
60003700022559,1
60003700022561,1
60003700022562,1
60003700022580,1
60003700022592,1
60003700022597,1
60003700022599,1
60003700022604,1
60003700022615,1
60003700022626,1
60003700022627,1
60003700022635,1
60003700022640,1
60003700022643,1
60003700022646,1
60003700022656,1
60003700022663,1
60003700022670,1
60003700022685,0
60003700022697,1
60003700022698,1
60003700022707,1
60003700022708,1
60003700022712,1
60003700022724,1
60003700022734,1
60003700022741,1
60003700022747,1
60003700022749,1
60003700022750,1
60003700022757,1
60003700022758,1
60003700022765,1
60003700022781,1
60003700022789,1
60003700022799,1
60003700022809,1
60003700022816,1
60003700022820,1
60003700022828,0
60003700022829,1
60003700022844,1
60003700022850,1
60003700022853,1
60003700022860,1
60003700022870,1
60003700022871,1
60003700022885,1
60003700022899,1
60003700022914,1
60003700022921,1
60003700022936,1
60003700022938,1
60003700022956,1
60003700022957,1
60003700022967,1
60003700022977,1
60003700022981,1
60003700023000,1
60003700023034,1
60003700023036,1
60003700023041,1
60003700023047,1
60003700023052,1
60003700023058,1
60003700023061,1
60003700023066,1
60003700023070,1
60003700023075,1
60003700023079,1
60003700023091,1
60003700023111,1
60003700023126,1
60003700023139,1
60003700023152,1
60003700023157,1
60003700023158,1
60003700023176,1
60003700023177,1
60003700023198,1
60003700023202,1
60003700023213,1
60003700023215,1
60003700023230,1
60003700023239,1
60003700023249,1
60003700025418,1
60003700025421,1
60003700025424,1
60003700025450,1
60003700025452,1
60003700025463,1
60003700025464,1
60003700025475,1
60003700025476,1
60003700025478,1
60003700025484,1
60003700025485,1
60003700025498,1
60003700025505,1
60003700025524,1
60003700025533,1
60003700025544,1
60003700025579,1
60003700025586,1
60003700025613,1
60003700025622,1
60003700025628,1
60003700025632,1
60003700025642,1
60003700025647,1
60003700025653,1
60003700025654,1
60003700025668,1
60003700025669,1
60003700025674,1
60003700010538,1
60003700010541,1
60003700010543,1
60003700010559,1
60003700010561,1
60003700010573,1
60003700010576,1
60003700025694,1
60003700010577,1
60003700025697,1
60003700010582,1
60003700010593,1
60003700025702,1
60003700025710,1
60003700025711,1
60003700025713,1
60003700010594,1
60003700010604,1
60003700010612,1
60003700010613,1
60003700010624,1
60003700010627,1
60003700010631,1
60003700010634,1
60003700010640,1
60003700011743,1
60003700011752,1
60003700011756,1
60003700011763,1
60003700011767,1
60003700011776,1
60003700011779,1
60003700011782,1
60003700011784,1
60003700011787,1
60003700011790,1
60003700011806,1
60003700011842,1
60003700011847,1
60003700011850,1
60003700011861,1
60003700011862,1
60003700011863,1
60003700011869,1
60003700011881,1
60003700011885,1
60003700011888,1
60003700011890,1
60003700011935,1
60003700011941,1
60003700011942,1
60003700011944,1
60003700011949,1
60003700011956,1
60003700011967,1
60003700011968,1
60003700011969,1
60003700012016,1
60003700012020,1
60003700012037,1
60003700012040,1
60003700012046,1
60003700012054,1
60003700012056,1
60003700012076,1
60003700012077,1
60003700012078,1
60003700012082,1
60003700012089,1
60003700012091,1
60003700012101,1
60003700012105,1
60003700012109,1
60003700012114,1
60003700012167,1
60003700012183,1
60003700012194,1
60003700012212,1
60003700012225,1
60003700012232,1
60003700012238,1
60003700012253,1
60003700012264,1
60003700012293,1
60003700012294,1
60003700012314,1
60003700012318,1
60003700012321,1
60003700012359,1
60003700012364,1
60003700012368,1
60003700012371,1
60003700012375,1
60003700012385,1
60003700012390,1
60003700012397,1
60003700012404,1
60003700012406,1
60003700012415,1
60003700012420,1
60003700012426,1
60003700012430,1
60003700012435,1
60003700012450,1
60003700012452,1
60003700025723,1
60003700025733,1
60003700025742,1
60003700025751,1
60003700025770,1
60003700025781,1
60003700025784,1
60003700025797,1
60003700025828,1
60003700025842,1
60003700025852,1
60003700012455,1
60003700012456,1
60003700012458,1
60003700012475,1
60003700012479,1
60003700025862,1
60003700025863,1
60003700025877,1
60003700025881,1
60003700025885,1
60003700025893,1
60003700025895,1
60003700025904,1
60003700010659,1
60003700010661,1
60003700010681,1
60003700010682,1
60003700010705,1
60003700010707,1
60003700010711,1
60003700010713,1
60003700010719,1
60003700010730,1
60003700010731,1
60003700010741,1
60003700010750,1
60003700010752,1
60003700010764,1
60003700010767,1
60003700010779,1
60003700010792,1
60003700010793,1
60003700010801,1
60003700010804,1
60003700010807,1
60003700010820,1
60003700010823,1
60003700010834,1
60003700010839,1
60003700010863,1
60003700010873,1
60003700010875,1
60003700010892,1
60003700010916,1
60003700010921,1
60003700010927,1
60003700010947,1
60003700010950,1
60003700010951,1
60003700010954,1
60003700010958,1
60003700010967,1
60003700010976,1
60003700010985,1
60003700011001,1
60003700011008,1
60003700011020,1
60003700011037,1
60003700011042,1
60003700011064,1
60003700011083,1
60003700011102,1
60003700011113,1
60003700011129,1
60003700011135,1
60003700011136,1
60003700011151,1
60003700011155,1
60003700011159,1
60003700011166,1
60003700011178,1
60003700011179,1
60003700011182,1
60003700011185,1
60003700011191,1
60003700011196,1
60003700011200,1
60003700011206,1
60003700011209,1
60003700011212,1
60003700011215,1
60003700011219,1
60003700011223,1
60003700011230,1
60003700011234,1
60003700011242,1
60003700011257,1
60003700011258,1
60003700011267,1
60003700011270,1
60003700011285,1
60003700011293,1
60003700011295,1
60003700011296,1
60003700011300,1
60003700011317,1
60003700011322,1
60003700011333,1
60003700011338,1
60003700011345,1
60003700011351,1
60003700011357,1
60003700011374,1
60003700011378,1
60003700011379,1
60003700011383,1
60003700011386,1
60003700011394,1
60003700011400,1
60003700011420,1
60003700011423,1
60003700011441,1
60003700011453,1
60003700011460,1
60003700011482,1
60003700011484,1
60003700011490,1
60003700011494,1
60003700011515,1
60003700011520,1
60003700011523,1
60003700011528,1
60003700011535,1
60003700011541,1
60003700011543,1
60003700011546,1
60003700011550,1
60003700011557,1
60003700011581,1
60003700011591,1
60003700011593,1
60003700011613,1
60003700011614,1
60003700011616,1
60003700011617,1
60003700011630,1
60003700011640,1
60003700011661,1
60003700011683,1
60003700011694,1
60003700011709,1
60003700011718,1
60003700011730,1
60003700009756,1
60003700009770,1
60003700009779,1
60003700009784,1
60003700009788,1
60003700009790,1
60003700009799,1
60003700009800,1
60003700009806,1
60003700009807,1
60003700009820,1
60003700009823,1
60003700009824,1
60003700009826,1
60003700009829,1
60003700009830,1
60003700009843,1
60003700017389,1
60003700017391,1
60003700017407,1
60003700017411,1
60003700017416,1
60003700017430,1
60003700017435,1
60003700017440,1
60003700017446,1
60003700017459,1
60003700017461,1
60003700017473,1
60003700017475,1
60003700017495,1
60003700017498,1
60003700017506,1
60003700017509,1
60003700017515,1
60003700017518,1
60003700017530,1
60003700017568,1
60003700009849,1
60003700009853,1
60003700009867,1
60003700017572,1
60003700017573,1
60003700017580,1
60003700017591,1
60003700017595,1
60003700017600,1
60003700017604,1
60003700017608,1
60003700017613,1
60003700017619,1
60003700017639,1
60003700017644,1
60003700017649,1
60003700017665,1
60003700017667,1
60003700017671,1
60003700017672,1
60003700017673,1
60003700017676,1
60003700017698,1
60003700017700,1
60003700017701,1
60003700017803,1
60003700017810,1
60003700017834,1
60003700017853,1
60003700017855,1
60003700017888,1
60003700017889,1
60003700017891,1
60003700017895,1
60003700017900,0
60003700017905,1
60003700017909,1
60003700017925,1
60003700009869,1
60003700009878,1
60003700009880,1
60003700009897,1
60003700009898,1
60003700009910,1
60003700009914,1
60003700009915,1
60003700009924,1
60003700009929,1
60003700009950,1
60003700017946,1
60003700017955,1
60003700017957,1
60003700017958,1
60003700017964,0
60003700017967,1
60003700017975,1
60003700004153,1
60003700004175,1
60003700004181,0
60003700004186,0
60003700004187,0
60003700004193,1
60003700004203,1
60003700004237,1
60003700004242,1
60003700004261,1
60003700004279,1
60003700004303,1
60003700004315,1
60003700004335,1
60003700004343,1
60003700004347,1
60003700004360,1
60003700004415,1
60003700004428,1
60003700004430,1
60003700004440,1
60003700004444,1
60003700004449,1
60003700004457,1
60003700004467,1
60003700004474,1
60003700004489,1
60003700004497,1
60003700004500,1
60003700004522,1
60003700004528,1
60003700004533,1
60003700004543,1
60003700004545,1
60003700004548,1
60003700004550,1
60003700004555,1
60003700004565,1
60003700017982,1
60003700017983,1
60003700017997,1
60003700018040,1
60003700018049,1
60003700018075,1
60003700018080,1
60003700018093,1
60003700018096,1
60003700018102,1
60003700018107,1
60003700018111,1
60003700018114,1
60003700018119,1
60003700018145,1
60003700018147,1
60003700018155,1
60003700018158,1
60003700018159,1
60003700018161,1
60003700018163,1
60003700018177,1
60003700018203,1
60003700018205,1
60003700018208,1
60003700018211,1
60003700018223,1
60003700018224,1
60003700018226,1
60003700018228,1
60003700017200,1
60003700017211,1
60003700017222,1
60003700017230,1
60003700017233,1
60003700017235,1
60003700017239,1
60003700017242,1
60003700017250,1
60003700017262,1
60003700017269,1
60003700017274,1
60003700017288,1
60003700017300,1
60003700017301,1
60003700017326,1
60003700017348,1
60003700017351,1
60003700017352,1
60003700017384,1
60003700009953,1
60003700009955,1
60003700009956,1
60003700009960,1
60003700009970,1
60003700009971,1
60003700009976,1
60003700009992,1
60003700010004,1
60003700010019,1
60003700010024,1
60003700010031,1
60003700010032,1
60003700010034,1
60003700010048,1
60003700010070,1
60003700010092,1
60003700010106,1
60003700010115,1
60003700010119,1
60003700010122,1
60003700010124,1
60003700010129,1
60003700010133,1
60003700010135,1
60003700010143,1
60003700010168,1
60003700010184,1
60003700010188,1
60003700010193,1
60003700010196,1
60003700010297,1
60003700010299,1
60003700010307,1
60003700010318,1
60003700010336,1
60003700010349,1
60003700010351,1
60003700010353,1
60003700010358,1
60003700010383,1
60003700010384,1
60003700010388,1
60003700010394,1
60003700010395,1
60003700010404,1
60003700010419,1
60003700010432,1
60003700010434,1
60003700010439,1
60003700010452,1
60003700010460,1
60003700010469,1
60003700010485,1
60003700010508,1
60003700010512,1
60003700010516,1
60003700010520,1
60003700010523,1
60003700010524,1
60003700013376,1
60003700013384,1
60003700013385,1
60003700013412,1
60003700013432,1
60003700013452,1
60003700013458,1
60003700013461,1
60003700013464,1
60003700013465,1
60003700013482,1
60003700013488,1
60003700013497,1
60003700013499,1
60003700013508,1
60003700013526,1
60003700013536,1
60003700013538,1
60003700013542,1
60003700013549,1
60003700013554,1
60003700013564,1
60003700013573,1
60003700013575,1
60003700013599,1
60003700013602,1
60003700013612,1
60003700013613,1
60003700013618,1
60003700013623,1
60003700013634,1
60003700013645,1
60003700013651,1
60003700013657,1
60003700013658,1
60003700013668,1
60003700013669,1
60003700013670,1
60003700013704,1
60003700013705,1
60003700013707,1
60003700013736,1
60003700013757,1
60003700013758,1
60003700013760,1
60003700013780,1
60003700013785,1
60003700013791,1
60003700013803,1
60003700013804,1
60003700008807,1
60003700008822,1
60003700008838,1
60003700008852,1
60003700008853,1
60003700008868,1
60003700008876,1
60003700008882,1
60003700008894,1
60003700008897,1
60003700008918,1
60003700008926,1
60003700008955,1
60003700008967,1
60003700008981,1
60003700008985,1
60003700008986,1
60003700008988,1
60003700008992,1
60003700009000,1
60003700009006,1
60003700009011,1
60003700009014,1
60003700009021,1
60003700009024,1
60003700009044,1
60003700009045,1
60003700009049,1
60003700009052,1
60003700009055,1
60003700009056,1
60003700009100,1
60003700009107,1
60003700009113,1
60003700009115,1
60003700009117,1
60003700009123,1
60003700009126,1
60003700009132,1
60003700009141,1
60003700009143,1
60003700009144,1
60003700009152,1
60003700009167,1
60003700009170,1
60003700009189,1
60003700009222,1
60003700009223,1
60003700009233,1
60003700009234,1
60003700009243,1
60003700009255,1
60003700009288,1
60003700009294,1
60003700009295,1
60003700009297,1
60003700013805,1
60003700013809,1
60003700013811,1
60003700013816,1
60003700013828,1
60003700013832,1
60003700009309,1
60003700009316,1
60003700009317,1
60003700009321,1
60003700009325,1
60003700009327,1
60003700009342,1
60003700009356,1
60003700009371,1
60003700009377,1
60003700009391,1
60003700009402,1
60003700009405,1
60003700009410,1
60003700009425,1
60003700009430,1
60003700009449,1
60003700009455,1
60003700009472,1
60003700009477,1
60003700009478,1
60003700009485,1
60003700009486,1
60003700009492,1
60003700009501,1
60003700009526,1
60003700009527,0
60003700013837,1
60003700013838,1
60003700013846,1
60003700013849,1
60003700013853,1
60003700013886,1
60003700013893,1
60003700013010,1
60003700013023,1
60003700013027,1
60003700013032,1
60003700013052,1
60003700013059,1
60003700013082,1
60003700013087,1
60003700013088,1
60003700013090,1
60003700013091,1
60003700013093,1
60003700013094,1
60003700013107,1
60003700013121,0
60003700013127,1
60003700013147,1
60003700013176,1
60003700013191,1
60003700013308,1
60003700013309,1
60003700013322,1
60003700013338,1
60003700013339,1
60003700013366,1
60003700009531,0
60003700009532,1
60003700009535,1
60003700009540,1
60003700009544,0
60003700009552,1
60003700009559,0
60003700009572,0
60003700009576,1
60003700009580,1
60003700009581,1
60003700009595,0
60003700009632,1
60003700009633,1
60003700009638,1
60003700009653,1
60003700009663,1
60003700009682,1
60003700009689,1
60003700009698,1
60003700009699,1
60003700009702,1
60003700009709,1
60003700009728,1
60003700009734,1
60003700009739,0
60003700009743,0
60003700008612,1
60003700008615,1
60003700008618,1
60003700008638,1
60003700008640,1
60003700008642,1
60003700008672,1
60003700008675,1
60003700009782,1
60003700009787,1
60003700024285,1
60003700024293,1
60003700024299,1
60003700024310,1
60003700024317,1
60003700024327,1
60003700024330,1
60003700024354,1
60003700024360,1
60003700024362,1
60003700024380,1
60003700024383,1
60003700009793,1
60003700024386,1
60003700024407,1
60003700024409,1
60003700024423,1
60003700024440,1
60003700024458,1
60003700024466,1
60003700024475,1
60003700008677,1
60003700008681,1
60003700008684,1
60003700008685,1
60003700008695,1
60003700008699,1
60003700008700,1
60003700008701,1
60003700008703,1
60003700008708,1
60003700008709,1
60003700008741,1
60003700008744,1
60003700008766,1
60003700008779,1
60003700008797,1
60003700008798,1
60003700008800,1
60003700008803,1
60003700009794,1
60003700009798,1
60003700009810,1
60003700009817,1
60003700009852,1
60003700009858,1
60003700009861,1
60003700009874,1
60003700009881,1
60003700009882,1
60003700009903,0
60003700009912,1
60003700009921,1
60003700009925,1
60003700009926,1
60003700009927,1
60003700009932,1
60003700009954,1
60003700009958,1
60003700009959,1
60003700023866,1
60003700023867,1
60003700023872,1
60003700023873,1
60003700023879,1
60003700023894,1
60003700023908,1
60003700023913,1
60003700023918,1
60003700023920,1
60003700023926,1
60003700024478,1
60003700024480,1
60003700024487,1
60003700024495,1
60003700024497,1
60003700024498,1
60003700024503,1
60003700024506,1
60003700024512,1
60003700024514,1
60003700024521,1
60003700024524,1
60003700024535,1
60003700024571,1
60003700024578,1
60003700024589,1
60003700024595,1
60003700024596,1
60003700024599,1
60003700024601,1
60003700024614,1
60003700024616,1
60003700024620,1
60003700024621,1
60003700024629,1
60003700024667,1
60003700024673,1
60003700024686,1
60003700024703,1
60003700024705,1
60003700024714,1
60003700024725,1
60003700024737,1
60003700024738,1
60003700024742,1
60003700024745,1
60003700024749,1
60003700024757,1
60003700024772,1
60003700024794,1
60003700024796,1
60003700024801,1
60003700024806,1
60003700024813,1
60003700024815,1
60003700024818,1
60003700024830,1
60003700024839,1
60003700024868,1
60003700024886,1
60003700009963,1
60003700009966,1
60003700009974,1
60003700009981,1
60003700009983,1
60003700009986,1
60003700009991,1
60003700010005,1
60003700010023,1
60003700012480,1
60003700012488,1
60003700012490,1
60003700012498,1
60003700012503,1
60003700012509,1
60003700012511,1
60003700012515,1
60003700012522,1
60003700012523,1
60003700012535,1
60003700012547,1
60003700012552,1
60003700012556,1
60003700012567,1
60003700012571,1
60003700012574,1
60003700012581,1
60003700012593,1
60003700012601,1
60003700012603,1
60003700012607,1
60003700012635,1
60003700012648,1
60003700012649,1
60003700012654,1
60003700012663,1
60003700012672,1
60003700012673,1
60003700012675,1
60003700012692,1
60003700012701,1
60003700012704,1
60003700012708,1
60003700012718,1
60003700012720,1
60003700012722,1
60003700012733,1
60003700012736,1
60003700012744,1
60003700012764,1
60003700012765,1
60003700012773,1
60003700012813,1
60003700012833,1
60003700012839,1
60003700012847,1
60003700012852,1
60003700012855,1
60003700012872,1
60003700012891,1
60003700012894,1
60003700012899,1
60003700012904,1
60003700012916,1
60003700012917,1
60003700012924,1
60003700012933,1
60003700012944,1
60003700012951,1
60003700012952,0
60003700012957,1
60003700012969,1
60003700012983,1
60003700012985,1
60003700012995,1
60003700013005,1
60003700024892,1
60003700024893,1
60003700024905,1
60003700024908,1
60003700024919,1
60003700024920,1
60003700024922,0
60003700024929,1
60003700024965,1
60003700024975,1
60003700024977,1
60003700024987,1
60003700024993,1
60003700024997,1
60003700025001,1
60003700025007,1
60003700025019,1
60003700025025,1
60003700025033,1
60003700025040,1
60003700025044,1
60003700025063,1
60003700025068,1
60003700025075,1
60003700025077,1
60003700025078,1
60003700025087,1
60003700025089,1
60003700025094,1
60003700025102,1
60003700025104,1
60003700025143,1
60003700025145,1
60003700025146,1
60003700025147,1
60003700025153,1
60003700025155,1
60003700025158,1
60003700025165,1
60003700025169,1
60003700025186,1
60003700025187,1
60003700025188,1
60003700025192,1
60003700025207,1
60003700025224,1
60003700025227,1
60003700023937,1
60003700023954,1
60003700023960,1
60003700023963,1
60003700023972,1
60003700023977,1
60003700023980,1
60003700023984,1
60003700023998,1
60003700024004,1
60003700024005,1
60003700024006,1
60003700024011,1
60003700024018,1
60003700024026,1
60003700024040,1
60003700024055,1
60003700024060,1
60003700024068,1
60003700024076,1
60003700024095,1
60003700024111,1
60003700024120,1
60003700024121,1
60003700024130,1
60003700024137,1
60003700024140,1
60003700024155,1
60003700024170,1
60003700024177,1
60003700024187,1
60003700024194,1
60003700024196,1
60003700024197,1
60003700025236,1
60003700024214,1
60003700024216,1
60003700024227,1
60003700024230,1
60003700024231,1
60003700024243,1
60003700024259,1
60003700024263,1
60003700024265,1
60003700024277,1
60003700024278,1
60003700025253,0
60003700025256,1
60003700025275,1
60003700025286,1
60003700025289,1
60003700025295,0
60003700025299,1
60003700025307,1
60003700025326,1
60003700025329,1
60003700025341,1
60003700025343,1
60003700025345,1
60003700025346,1
60003700025360,1
60003700025379,1
60003700025385,1
60003700025389,1
60003700025400,1
60003700025401,1
60003700025408,1
60003700010876,1
60003700010879,1
60003700010902,1
60003700010915,1
60003700010918,1
60003700010924,1
60003700010926,1
60003700010934,1
60003700010936,1
60003700010953,1
60003700010962,1
60003700010968,1
60003700010973,1
60003700010975,1
60003700010983,1
60003700010984,1
60003700010988,1
60003700010991,1
60003700010994,1
60003700011004,1
60003700011007,1
60003700011061,1
60003700011071,1
60003700011101,1
60003700011108,1
60003700011114,1
60003700011122,1
60003700011127,1
60003700011133,1
60003700011147,1
60003700011148,1
60003700011167,1
60003700011173,1
60003700011199,1
60003700011201,1
60003700011202,1
60003700011203,1
60003700011211,1
60003700011224,1
60003700011225,1
60003700011229,1
60003700011233,1
60003700011239,1
60003700011241,1
60003700011248,1
60003700011250,1
60003700011275,1
60003700011278,1
60003700011281,1
60003700011286,1
60003700011287,1
60003700011305,1
60003700011310,1
60003700011321,1
60003700011330,1
60003700011334,1
60003700011335,1
60003700011342,1
60003700011359,1
60003700011370,1
60003700011377,1
60003700011384,1
60003700011387,1
60003700011396,1
60003700011401,1
60003700011437,1
60003700011457,1
60003700011463,1
60003700011470,1
60003700011474,1
60003700011485,1
60003700011498,1
60003700011507,1
60003700011508,1
60003700011511,1
60003700011513,1
60003700011527,1
60003700011553,1
60003700011555,1
60003700011559,1
60003700011560,1
60003700011563,1
60003700011569,1
60003700011576,1
60003700011578,1
60003700011579,1
60003700011580,1
60003700011588,1
60003700011590,1
60003700011592,1
60003700011595,1
60003700011625,1
60003700011631,1
60003700011635,1
60003700011643,1
60003700011645,1
60003700011650,1
60003700011654,1
60003700011665,1
60003700011676,1
60003700011691,1
60003700011698,1
60003700011701,1
60003700011706,1
60003700011710,1
60003700011712,1
60003700011721,1
60003700011723,1
60003700011742,1
60003700011745,1
60003700011777,1
60003700011778,1
60003700011789,1
60003700011794,1
60003700011796,1
60003700011804,1
60003700011817,1
60003700011900,1
60003700011913,1
60003700011915,1
60003700011919,1
60003700011925,1
60003700011939,1
60003700011946,1
60003700011955,1
60003700011959,1
60003700011964,1
60003700011965,1
60003700011972,1
60003700012012,1
60003700012025,1
60003700012031,1
60003700012032,1
60003700012048,1
60003700012058,1
60003700012075,1
60003700012096,1
60003700012097,1
60003700012100,1
60003700012113,1
60003700012124,1
60003700012128,1
60003700012131,1
60003700012132,1
60003700012139,1
60003700012147,1
60003700012151,1
60003700012157,1
60003700012162,1
60003700012165,1
60003700012173,1
60003700012174,1
60003700012181,1
60003700012186,1
60003700012205,1
60003700012220,1
60003700012236,1
60003700012242,1
60003700012245,1
60003700012261,1
60003700012282,1
60003700012287,1
60003700012289,1
60003700012290,1
60003700012291,1
60003700012296,1
60003700012301,1
60003700012302,1
60003700012341,1
60003700012343,1
60003700012346,1
60003700012350,1
60003700012357,1
60003700012407,1
60003700012411,1
60003700012419,1
60003700012423,1
60003700012436,1
60003700012438,1
60003700012441,1
60003700012484,1
60003700012485,1
60003700012487,1
60003700012492,1
60003700012499,0
60003700012502,1
60003700012538,1
60003700012543,1
60003700012586,1
60003700012591,1
60003700012612,1
60003700012616,1
60003700012634,1
60003700012652,1
60003700012667,1
60003700012676,1
60003700012710,1
60003700012713,1
60003700012719,1
60003700012735,1
60003700012738,1
60003700012750,1
60003700012759,1
60003700012762,1
60003700012778,1
60003700012782,1
60003700012783,1
60003700012784,1
60003700012799,1
60003700012805,1
60003700012810,1
60003700012819,1
60003700012820,1
60003700012851,1
60003700012854,1
60003700012858,1
60003700012863,1
60003700012874,1
60003700012882,1
60003700012910,1
60003700012921,1
60003700012926,1
60003700012940,1
60003700012942,1
60003700012949,1
60003700012950,1
60003700012964,1
60003700012966,1
60003700012968,1
60003700012988,1
60003700012989,1
60003700012990,1
60003700013007,1
60003700013015,1
60003700013031,1
60003700013037,1
60003700013039,1
60003700013040,1
60003700013042,1
60003700013043,1
60003700013049,1
60003700013054,1
60003700013060,1
60003700013061,1
60003700013065,1
60003700013072,1
60003700013081,1
60003700013101,1
60003700013120,0
60003700013132,1
60003700013134,1
60003700013141,1
60003700013143,1
60003700013151,1
60003700013170,1
60003700013173,1
60003700013178,1
60003700013179,1
60003700013186,1
60003700013192,1
60003700013201,1
60003700013206,1
60003700013216,1
60003700013232,1
60003700013241,1
60003700013243,1
60003700013244,1
60003700013256,1
60003700013263,1
60003700013270,1
60003700013273,1
60003700013316,1
60003700013333,1
60003700013342,1
60003700013348,1
60003700013352,1
60003700013369,1
60003700013378,1
60003700013388,1
60003700013403,1
60003700013416,1
60003700013422,1
60003700013423,1
60003700013428,1
60003700013430,1
60003700013439,1
60003700013454,1
60003700013460,1
60003700013462,1
60003700013468,1
60003700013478,1
60003700013484,1
60003700013487,1
60003700013509,1
60003700013511,1
60003700013513,1
60003700013514,1
60003700013518,1
60003700013524,1
60003700013534,1
60003700013539,1
60003700013546,1
60003700013547,1
60003700013562,1
60003700013565,1
60003700013571,1
60003700013596,1
60003700013600,1
60003700013603,1
60003700013606,1
60003700013619,1
60003700013655,1
60003700013660,1
60003700013661,1
60003700013662,1
60003700013666,1
60003700013680,1
60003700013690,1
60003700013702,1
60003700013703,1
60003700013708,1
60003700013747,1
60003700013750,1
60003700013752,1
60003700013789,1
60003700013794,1
60003700013800,1
60003700013814,1
60003700013848,1
60003700013855,1
60003700013858,1
60003700013861,1
60003700013870,1
60003700013871,1
60003700013885,1
60003700013908,1
60003700013910,1
60003700013916,1
60003700013921,1
60003700013924,1
60003700013927,1
60003700013928,1
60003700013929,1
60003700013951,1
60003700013956,1
60003700013971,1
60003700013996,1
60003700014014,1
60003700014016,1
60003700014022,1
60003700014027,1
60003700014028,1
60003700014034,1
60003700014039,1
60003700014041,1
60003700014043,1
60003700014049,1
60003700014058,1
60003700014059,1
60003700014063,1
60003700014071,1
60003700014087,1
60003700014092,1
60003700014102,1
60003700014118,1
60003700014120,1
60003700014136,1
60003700014147,1
60003700014148,1
60003700014162,1
60003700014170,1
60003700014180,1
60003700014181,1
60003700014189,1
60003700014193,1
60003700014196,1
60003700014202,1
60003700014226,1
60003700014231,1
60003700014242,1
60003700014256,1
60003700014262,1
60003700014273,1
60003700014274,1
60003700014292,1
60003700014296,1
60003700014299,1
60003700014306,1
60003700014308,1
60003700014309,1
60003700014332,1
60003700014343,1
60003700014348,1
60003700014352,1
60003700014374,1
60003700014377,1
60003700014385,1
60003700014386,1
60003700014387,1
60003700014388,1
60003700014434,1
60003700014435,1
60003700014437,1
60003700014446,1
60003700014450,1
60003700014455,1
60003700014460,1
60003700014466,1
60003700014486,1
60003700014515,1
60003700014528,1
60003700014539,1
60003700014553,1
60003700014562,1
60003700014566,1
60003700014576,1
60003700014596,1
60003700014621,1
60003700014645,1
60003700014656,1
60003700014660,1
60003700014681,1
60003700014682,1
60003700014716,1
60003700014733,1
60003700014737,1
60003700014739,1
60003700014751,1
60003700014755,1
60003700014756,1
60003700014757,1
60003700014775,1
60003700014779,1
60003700014785,1
60003700014788,1
60003700014798,1
60003700014799,1
60003700014800,1
60003700014811,1
60003700014812,1
60003700014819,1
60003700014821,1
60003700014826,1
60003700014833,1
60003700014838,1
60003700014839,1
60003700014861,1
60003700014862,1
60003700014870,1
60003700014888,1
60003700014890,1
60003700014891,1
60003700014892,1
60003700014894,1
60003700014896,1
60003700014933,1
60003700014938,1
60003700014941,1
60003700014948,1
60003700014952,1
60003700014954,1
60003700014956,1
60003700014975,1
60003700014978,1
60003700015053,1
60003700015057,1
60003700015064,1
60003700015067,1
60003700015080,1
60003700015087,1
60003700015098,1
60003700015099,1
60003700015105,1
60003700015119,1
60003700015127,1
60003700015136,1
60003700015141,1
60003700015158,1
60003700015162,1
60003700015177,1
60003700015184,1
60003700015185,1
60003700015186,1
60003700015189,1
60003700015203,1
60003700015204,1
60003700015205,1
60003700015229,1
60003700015231,1
60003700015232,1
60003700015236,1
60003700015237,1
60003700015245,1
60003700015272,1
60003700015281,1
60003700015284,1
60003700015286,1
60003700015290,1
60003700015292,1
60003700015312,1
60003700015325,1
60003700015347,1
60003700015355,1
60003700015361,1
60003700015363,1
60003700015368,1
60003700015373,1
60003700015377,1
60003700015387,1
60003700015393,1
60003700015395,1
60003700015398,1
60003700015403,1
60003700015410,1
60003700010026,1
60003700010029,1
60003700010041,1
60003700010064,1
60003700010065,1
60003700010104,1
60003700010105,1
60003700010109,1
60003700010116,1
60003700010152,1
60003700010154,1
60003700010161,1
60003700010165,1
60003700010166,1
60003700010174,1
60003700010181,1
60003700010185,1
60003700010186,1
60003700010191,1
60003700010202,1
60003700010206,1
60003700010211,1
60003700010217,1
60003700010228,1
60003700010235,1
60003700010243,1
60003700010260,1
60003700010287,1
60003700010292,1
60003700010316,1
60003700010332,1
60003700010334,1
60003700010337,1
60003700010345,1
60003700010354,1
60003700010359,1
60003700010366,1
60003700010372,1
60003700010379,1
60003700010380,1
60003700010393,1
60003700010397,1
60003700010409,1
60003700010421,1
60003700010422,1
60003700010423,1
60003700010425,1
60003700010436,1
60003700010447,1
60003700010467,1
60003700010475,1
60003700010494,1
60003700010507,1
60003700010518,1
60003700010521,1
60003700010528,1
60003700010530,1
60003700010532,1
60003700010533,1
60003700010534,1
60003700010535,1
60003700010539,1
60003700010546,1
60003700010551,1
60003700010592,1
60003700010595,1
60003700010599,1
60003700010603,1
60003700010615,1
60003700010623,1
60003700010629,1
60003700010632,1
60003700010635,1
60003700010644,1
60003700010647,1
60003700010654,1
60003700010655,1
60003700010660,1
60003700010671,1
60003700010691,1
60003700010692,1
60003700010715,1
60003700010743,1
60003700010748,1
60003700010761,1
60003700010781,1
60003700010783,1
60003700010802,1
60003700010803,1
60003700010813,1
60003700010815,1
60003700010817,1
60003700010818,1
60003700010829,1
60003700010830,1
60003700010831,1
60003700010833,1
60003700010847,1
60003700010850,1
60003700010853,1
60003700010857,1
60003700010861,1
60003700010864,1
60003700026723,1
60003700026729,1
60003700026736,1
60003700026748,1
60003700026762,1
60003700026764,1
60003700026786,1
60003700026792,1
60003700026805,1
60003700026818,1
60003700026821,1
60003700026826,1
60003700026829,1
60003700026830,1
60003700026834,1
60003700026836,1
60003700026837,1
60003700026864,1
60003700026869,1
60003700013895,1
60003700013913,1
60003700013915,1
60003700013936,1
60003700013939,1
60003700013941,1
60003700013947,1
60003700013965,1
60003700013968,1
60003700013976,1
60003700013982,1
60003700013983,1
60003700013987,1
60003700013989,1
60003700015889,1
60003700015892,1
60003700013992,1
60003700014001,1
60003700014009,1
60003700014019,1
60003700014031,1
60003700014038,1
60003700014040,1
60003700014042,1
60003700014045,1
60003700014062,1
60003700014073,1
60003700014084,1
60003700014098,1
60003700014106,1
60003700014127,1
60003700014130,1
60003700014155,1
60003700014173,1
60003700014176,1
60003700014177,1
60003700014199,1
60003700014203,1
60003700018245,1
60003700018249,1
60003700018254,1
60003700018259,1
60003700018265,1
60003700018268,1
60003700014213,1
60003700014234,1
60003700014245,1
60003700014250,1
60003700018276,1
60003700018291,1
60003700018297,1
60003700018303,1
60003700018305,1
60003700018313,1
60003700018315,1
60003700018317,1
60003700018323,1
60003700018328,1
60003700018334,1
60003700018337,1
60003700018350,1
60003700018351,1
60003700018357,1
60003700014287,1
60003700014289,1
60003700014290,1
60003700014326,1
60003700014327,1
60003700014331,1
60003700014335,1
60003700014336,1
60003700014340,1
60003700014353,1
60003700018386,1
60003700014354,1
60003700014356,1
60003700014378,1
60003700014410,1
60003700014421,1
60003700015567,1
60003700014438,1
60003700014440,1
60003700015568,1
60003700014447,1
60003700014453,1
60003700015573,1
60003700018407,1
60003700018410,1
60003700014457,1
60003700014464,1
60003700014470,1
60003700014491,1
60003700014497,1
60003700014504,1
60003700018419,1
60003700018426,1
60003700018429,1
60003700018431,0
60003700018439,1
60003700018442,1
60003700014529,1
60003700014544,1
60003700014593,1
60003700014598,1
60003700014600,1
60003700014601,1
60003700014608,1
60003700015578,1
60003700015588,1
60003700015595,1
60003700015605,1
60003700015620,1
60003700015629,1
60003700014609,1
60003700015634,1
60003700015643,1
60003700015644,1
60003700015645,1
60003700015653,1
60003700015659,1
60003700015664,1
60003700015670,1
60003700015678,1
60003700015699,1
60003700015705,1
60003700015717,1
60003700015765,1
60003700015768,1
60003700015780,1
60003700015783,1
60003700015789,1
60003700015799,1
60003700015802,1
60003700015808,1
60003700015810,1
60003700015813,1
60003700015820,1
60003700015830,1
60003700015854,1
60003700015861,1
60003700015863,1
60003700015864,1
60003700015873,1
60003700015887,1
60003700015890,1
60003700015896,1
60003700015924,1
60003700015939,1
60003700015949,1
60003700015961,0
60003700015962,0
60003700015974,1
60003700015985,1
60003700014611,1
60003700014672,1
60003700014676,1
60003700014686,1
60003700014693,1
60003700014701,1
60003700014705,1
60003700014707,1
60003700014727,1
60003700014731,1
60003700014732,1
60003700014734,1
60003700014735,1
60003700014743,1
60003700014744,1
60003700014745,1
60003700014754,0
60003700014759,1
60003700014769,1
60003700014772,1
60003700014780,1
60003700014783,1
60003700014794,1
60003700014796,1
60003700014813,1
60003700014815,1
60003700014832,1
60003700014842,1
60003700014847,1
60003700014849,1
60003700014863,1
60003700014902,1
60003700014910,1
60003700014913,1
60003700014924,1
60003700014928,1
60003700014942,1
60003700014949,1
60003700014957,1
60003700014958,1
60003700015945,1
60003700015959,1
60003700015978,1
60003700015987,1
60003700015995,1
60003700015998,1
60003700016008,1
60003700016011,1
60003700016017,1
60003700016020,1
60003700016029,1
60003700016031,1
60003700015994,1
60003700016009,1
60003700016012,1
60003700016013,1
60003700016014,1
60003700016015,1
60003700016053,1
60003700016056,1
60003700016059,1
60003700018454,1
60003700018462,1
60003700018497,1
60003700018508,1
60003700018513,1
60003700018522,1
60003700018528,1
60003700018529,1
60003700018535,1
60003700018538,1
60003700018550,1
60003700018566,1
60003700018578,1
60003700018583,1
60003700018591,1
60003700018598,1
60003700018604,1
60003700018606,1
60003700014960,1
60003700016036,1
60003700016038,1
60003700016045,1
60003700016047,1
60003700016055,1
60003700016072,1
60003700016078,1
60003700016082,1
60003700016086,1
60003700016087,1
60003700016098,1
60003700016114,1
60003700016115,1
60003700016116,1
60003700016118,1
60003700016128,1
60003700016131,1
60003700016132,1
60003700016135,1
60003700016137,1
60003700016148,1
60003700016150,1
60003700016186,1
60003700016190,1
60003700016195,1
60003700016197,1
60003700016199,1
60003700016202,1
60003700016204,1
60003700016208,1
60003700016220,1
60003700016221,1
60003700016229,1
60003700016241,1
60003700016253,1
60003700016264,1
60003700016288,1
60003700016294,1
60003700016297,1
60003700016302,1
60003700016313,1
60003700016315,1
60003700016317,0
60003700016321,1
60003700016329,1
60003700016337,1
60003700016345,0
60003700016346,1
60003700025562,1
60003700025569,1
60003700025580,1
60003700016352,1
60003700025581,1
60003700025584,1
60003700025587,1
60003700025591,1
60003700016367,1
60003700016369,1
60003700016370,1
60003700025601,1
60003700025603,1
60003700025612,1
60003700025633,1
60003700025638,1
60003700025639,1
60003700025644,1
60003700025652,1
60003700025655,1
60003700025656,1
60003700025663,1
60003700025675,1
60003700025681,1
60003700025685,1
60003700025687,1
60003700025701,1
60003700025706,1
60003700025712,1
60003700025714,1
60003700025720,1
60003700025728,1
60003700025729,1
60003700025740,1
60003700025743,1
60003700025763,1
60003700025764,1
60003700025768,1
60003700025804,1
60003700025819,1
60003700025822,1
60003700025824,1
60003700025825,1
60003700025835,1
60003700025836,1
60003700025846,1
60003700025882,1
60003700025898,1
60003700025911,1
60003700025926,1
60003700025928,1
60003700025931,1
60003700025948,1
60003700025951,1
60003700025970,1
60003700025982,1
60003700025984,1
60003700025999,1
60003700026017,1
60003700026031,1
60003700026037,1
60003700026046,1
60003700026047,1
60003700026048,1
60003700026054,1
60003700026063,1
60003700026064,1
60003700026097,1
60003700026099,1
60003700026110,1
60003700026144,1
60003700026145,1
60003700026151,1
60003700026153,1
60003700026165,0
60003700026171,1
60003700026184,1
60003700026185,1
60003700026190,1
60003700026196,1
60003700026200,1
60003700026203,1
60003700026205,1
60003700026211,1
60003700026225,1
60003700026230,1
60003700026238,1
60003700026250,1
60003700014998,1
60003700015001,1
60003700015007,1
60003700015011,1
60003700015041,1
60003700015048,1
60003700015058,1
60003700015060,1
60003700015069,1
60003700015070,1
60003700015074,1
60003700015076,1
60003700015078,1
60003700015097,1
60003700015101,1
60003700015110,1
60003700015493,1
60003700015499,1
60003700015512,1
60003700015520,1
60003700015531,1
60003700015543,1
60003700015546,1
60003700015550,1
60003700015557,1
60003700015561,1
60003700015564,1
60003700015570,1
60003700015571,1
60003700015579,1
60003700015735,1
60003700015736,1
60003700015740,1
60003700015751,1
60003700015756,1
60003700015767,1
60003700015769,1
60003700015773,1
60003700015781,1
60003700015784,1
60003700015790,1
60003700015792,1
60003700015798,1
60003700015805,1
60003700015814,1
60003700015817,1
60003700015826,1
60003700015827,1
60003700015828,1
60003700015832,1
60003700015836,1
60003700015837,1
60003700015840,1
60003700015858,1
60003700015868,1
60003700015869,1
60003700015871,1
60003700015876,1
60003700015883,1
60003700026251,1
60003700026274,1
60003700026286,1
60003700026293,1
60003700026301,1
60003700026311,1
60003700026317,1
60003700026318,1
60003700026320,1
60003700026325,1
60003700026330,1
60003700026331,1
60003700026335,1
60003700026336,1
60003700026346,1
60003700026351,1
60003700026356,1
60003700026377,1
60003700026390,1
60003700026391,1
60003700026395,1
60003700026403,1
60003700026407,1
60003700026411,1
60003700026419,1
60003700026424,1
60003700026427,1
60003700026429,1
60003700026431,1
60003700026439,1
60003700026442,1
60003700026473,1
60003700026476,1
60003700026487,1
60003700026492,1
60003700026493,1
60003700026508,1
60003700026516,1
60003700026519,1
60003700026520,1
60003700026551,1
60003700026554,1
60003700026560,1
60003700026572,1
60003700015888,1
60003700026573,1
60003700026577,1
60003700026585,1
60003700026607,1
60003700026617,1
60003700026619,1
60003700026621,1
60003700026625,1
60003700026635,1
60003700026639,1
60003700026645,1
60003700026648,1
60003700026649,1
60003700026674,1
60003700026694,1
60003700026695,1
60003700026705,1
60003700016934,1
60003700016942,1
60003700016969,1
60003700016972,1
60003700016981,1
60003700016987,1
60003700018365,1
60003700018370,1
60003700018373,1
60003700018389,1
60003700018398,1
60003700018404,1
60003700018406,1
60003700016991,1
60003700016995,1
60003700017002,1
60003700017003,1
60003700017007,1
60003700017012,1
60003700017016,1
60003700018617,1
60003700018627,0
60003700018637,1
60003700018662,1
60003700018666,1
60003700018672,1
60003700018676,1
60003700017031,1
60003700018692,1
60003700018697,1
60003700018708,1
60003700018719,1
60003700018730,1
60003700018740,1
60003700018759,1
60003700018761,1
60003700018762,1
60003700018776,1
60003700018779,1
60003700018783,1
60003700018823,1
60003700018841,1
60003700018842,1
60003700018867,1
60003700017056,1
60003700017057,1
60003700018880,1
60003700018898,1
60003700018902,1
60003700018929,1
60003700018939,1
60003700018945,1
60003700018971,1
60003700018972,1
60003700018979,1
60003700018994,1
60003700018997,1
60003700019016,1
60003700019019,1
60003700019023,1
60003700019031,1
60003700019033,1
60003700019039,1
60003700019042,1
60003700017277,1
60003700017281,1
60003700017283,1
60003700017285,1
60003700017294,1
60003700017295,1
60003700017317,1
60003700017334,1
60003700017354,1
60003700017365,1
60003700017383,1
60003700019058,0
60003700019059,1
60003700019061,1
60003700017388,1
60003700017394,1
60003700017395,1
60003700017401,1
60003700017408,1
60003700017424,1
60003700017438,1
60003700017448,1
60003700028045,1
60003700028058,1
60003700017449,1
60003700017456,1
60003700028061,1
60003700017471,1
60003700028082,1
60003700017472,1
60003700028083,1
60003700028090,1
60003700017476,1
60003700017486,1
60003700017502,1
60003700017520,1
60003700017529,1
60003700017531,1
60003700017548,1
60003700017560,1
60003700017562,1
60003700017585,0
60003700017594,1
60003700028091,1
60003700028095,1
60003700028101,1
60003700028128,1
60003700028139,1
60003700028154,1
60003700028164,1
60003700028167,1
60003700028179,1
60003700028182,1
60003700028224,1
60003700028239,1
60003700028277,1
60003700028279,1
60003700028280,1
60003700028281,1
60003700028284,1
60003700028298,1
60003700028309,1
60003700028314,1
60003700028315,1
60003700028333,1
60003700028336,1
60003700028347,1
60003700028349,1
60003700028357,1
60003700028367,1
60003700019065,1
60003700019073,1
60003700019077,1
60003700019078,1
60003700019085,1
60003700019095,1
60003700017599,1
60003700017624,1
60003700017626,1
60003700028382,1
60003700028383,1
60003700028385,1
60003700028391,1
60003700028407,1
60003700028410,1
60003700028413,1
60003700028420,1
60003700028422,1
60003700028427,1
60003700028437,1
60003700028445,1
60003700028452,1
60003700028462,1
60003700028475,1
60003700028480,1
60003700028488,1
60003700028504,1
60003700028516,1
60003700028521,1
60003700028526,1
60003700017643,1
60003700017647,1
60003700017654,1
60003700017660,1
60003700028537,1
60003700028538,1
60003700028548,1
60003700028550,1
60003700028552,1
60003700017689,0
60003700017692,0
60003700017693,0
60003700028564,1
60003700028570,1
60003700028578,1
60003700028584,1
60003700028591,1
60003700017702,1
60003700028593,1
60003700017708,1
60003700017711,1
60003700017715,1
60003700017731,1
60003700017735,1
60003700028600,1
60003700028603,1
60003700028604,1
60003700028608,1
60003700028635,1
60003700028662,1
60003700028666,1
60003700028668,1
60003700028678,1
60003700028681,1
60003700028684,1
60003700028701,1
60003700028707,1
60003700028718,1
60003700028746,1
60003700028754,1
60003700028769,1
60003700028797,1
60003700028800,1
60003700028804,1
60003700028809,1
60003700028822,1
60003700028824,1
60003700028833,1
60003700028837,1
60003700028849,1
60003700028857,1
60003700028861,1
60003700028879,1
60003700028881,1
60003700028896,1
60003700028898,1
60003700028918,1
60003700028922,1
60003700028931,1
60003700028933,1
60003700028938,1
60003700028954,1
60003700028975,1
60003700028982,1
60003700028995,1
60003700028999,1
60003700029015,1
60003700029017,1
60003700029031,1
60003700029037,1
60003700029039,0
60003700029052,1
60003700029057,1
60003700029059,1
60003700029070,1
60003700029076,1
60003700029080,1
60003700029088,1
60003700029095,1
60003700029098,1
60003700029100,1
60003700029103,1
60003700029104,1
60003700029105,1
60003700029118,1
60003700029121,1
60003700016374,1
60003700016375,1
60003700016377,1
60003700016392,1
60003700017741,1
60003700016401,1
60003700016413,1
60003700016414,1
60003700016415,1
60003700016417,1
60003700016420,1
60003700017759,1
60003700017764,1
60003700016454,1
60003700016475,1
60003700016481,1
60003700016498,1
60003700016500,1
60003700016508,1
60003700016513,1
60003700016515,1
60003700016520,1
60003700016525,1
60003700016539,1
60003700016546,1
60003700016549,1
60003700017768,1
60003700017773,1
60003700017774,1
60003700017785,1
60003700017787,1
60003700017790,1
60003700017791,1
60003700017793,1
60003700017794,1
60003700017795,1
60003700017811,1
60003700017824,1
60003700017827,1
60003700017833,1
60003700017836,1
60003700017851,1
60003700025919,1
60003700025921,1
60003700025933,1
60003700025938,1
60003700025953,1
60003700025954,1
60003700025957,1
60003700025959,1
60003700025968,1
60003700025973,1
60003700025976,1
60003700025987,1
60003700026009,1
60003700026019,1
60003700026022,1
60003700026025,1
60003700026044,1
60003700026065,1
60003700026120,1
60003700026123,1
60003700026126,1
60003700026139,1
60003700026154,1
60003700026163,1
60003700026168,1
60003700026175,1
60003700026176,1
60003700026213,1
60003700026215,1
60003700026216,1
60003700017856,1
60003700017857,1
60003700017861,1
60003700026245,1
60003700026258,1
60003700026260,1
60003700026265,1
60003700026267,1
60003700026284,1
60003700026288,1
60003700026299,1
60003700026306,1
60003700026316,1
60003700026324,1
60003700026341,1
60003700026344,1
60003700026370,1
60003700026371,1
60003700026373,1
60003700026380,1
60003700016552,1
60003700016562,1
60003700016568,1
60003700016570,1
60003700026384,1
60003700026393,1
60003700026398,1
60003700026404,1
60003700026406,1
60003700026428,1
60003700026430,1
60003700026441,1
60003700026449,1
60003700026450,1
60003700026453,1
60003700026457,1
60003700026465,1
60003700026468,1
60003700026478,1
60003700026490,1
60003700026494,1
60003700026496,1
60003700026497,1
60003700026521,1
60003700026535,1
60003700026538,1
60003700026574,1
60003700026580,1
60003700016571,1
60003700016601,1
60003700016605,1
60003700016613,1
60003700016615,1
60003700016628,1
60003700016629,1
60003700016632,1
60003700016634,1
60003700016639,1
60003700016644,1
60003700016655,1
60003700016663,1
60003700016673,1
60003700016690,1
60003700016696,1
60003700016702,1
60003700016704,1
60003700016714,1
60003700016715,1
60003700016720,1
60003700016721,1
60003700016727,1
60003700016739,1
60003700016744,1
60003700016756,1
60003700016759,1
60003700016765,1
60003700016811,1
60003700016812,1
60003700016814,1
60003700016820,1
60003700017866,1
60003700026590,1
60003700026599,1
60003700017932,1
60003700017966,1
60003700016829,1
60003700017993,1
60003700017994,1
60003700018006,1
60003700026600,1
60003700026620,1
60003700026622,1
60003700026641,1
60003700026642,1
60003700026643,1
60003700026653,1
60003700026654,1
60003700026673,1
60003700026675,1
60003700026684,1
60003700026688,1
60003700026706,1
60003700026709,1
60003700026721,1
60003700026727,1
60003700026738,1
60003700026740,1
60003700026741,1
60003700026752,1
60003700026759,1
60003700026765,1
60003700026782,1
60003700026788,1
60003700026799,1
60003700026803,1
60003700026816,1
60003700026831,1
60003700026847,1
60003700026855,1
60003700026889,1
60003700026890,1
60003700026892,1
60003700026903,1
60003700026906,1
60003700026909,1
60003700026913,1
60003700026915,1
60003700026916,1
60003700026918,1
60003700026929,1
60003700026930,1
60003700026932,1
60003700026942,1
60003700018018,1
60003700018031,1
60003700018054,1
60003700018059,1
60003700018063,1
60003700018077,1
60003700018082,1
60003700018086,1
60003700026943,1
60003700026944,1
60003700026948,1
60003700026953,1
60003700026970,1
60003700026979,1
60003700026986,1
60003700026992,1
60003700026998,1
60003700026999,1
60003700027010,1
60003700027020,1
60003700027030,1
60003700027035,1
60003700027041,1
60003700027045,1
60003700027046,1
60003700027050,1
60003700027056,1
60003700027069,1
60003700027090,1
60003700027113,1
60003700027117,1
60003700027120,1
60003700027131,1
60003700027141,1
60003700027145,1
60003700027153,1
60003700027164,1
60003700027168,1
60003700027183,1
60003700027187,1
60003700027196,1
60003700027203,1
60003700027210,1
60003700027221,1
60003700027236,1
60003700027241,1
60003700027250,1
60003700027258,1
60003700027269,1
60003700027275,1
60003700027308,1
60003700027321,1
60003700027326,1
60003700027327,1
60003700027328,1
60003700027336,1
60003700027340,1
60003700027344,1
60003700027349,1
60003700027361,1
60003700027367,1
60003700027371,1
60003700027384,1
60003700027398,1
60003700027407,1
60003700027409,1
60003700027416,1
60003700027417,1
60003700027424,1
60003700027429,1
60003700027431,1
60003700027434,1
60003700027456,1
60003700027464,1
60003700027465,1
60003700027468,1
60003700027475,1
60003700027477,1
60003700027488,1
60003700027493,1
60003700027506,1
60003700027524,1
60003700027542,1
60003700027547,1
60003700027556,1
60003700027576,1
60003700027591,1
60003700027597,1
60003700027598,1
60003700027609,1
60003700027613,1
60003700027622,1
60003700027623,1
60003700027633,1
60003700027634,1
60003700027638,1
60003700027649,1
60003700027659,1
60003700027663,1
60003700027664,1
60003700027673,1
60003700027692,1
60003700027700,1
60003700027703,1
60003700027705,1
60003700027706,1
60003700027707,1
60003700027713,1
60003700027717,1
60003700027720,1
60003700027722,1
60003700027744,1
60003700027747,1
60003700027761,1
60003700027785,1
60003700027786,1
60003700027789,1
60003700027800,1
60003700027807,1
60003700027818,1
60003700027839,1
60003700027845,1
60003700027849,1
60003700027856,1
60003700027865,1
60003700027869,1
60003700027872,1
60003700027874,1
60003700027876,1
60003700027882,1
60003700027888,1
60003700027892,1
60003700027900,1
60003700027909,1
60003700016832,1
60003700016852,1
60003700016855,1
60003700016856,1
60003700016862,1
60003700016863,1
60003700016882,1
60003700016886,1
60003700016891,1
60003700016893,1
60003700016895,1
60003700016899,1
60003700016910,1
60003700016923,1
60003700027913,1
60003700027921,1
60003700027946,1
60003700027978,1
60003700027994,1
60003700027997,1
60003700028016,1
60003700028027,1
60003700018101,1
60003700018106,1
60003700028030,1
60003700018120,1
60003700018122,1
60003700018132,1
60003700028034,1
60003700028039,1
60003700018156,1
60003700018172,1
60003700018182,1
60003700018217,1
60003700018219,1
60003700018221,1
60003700018233,1
60003700018234,1
60003700018247,1
60003700018275,1
60003700018278,1
60003700018284,1
60003700018285,1
60003700018304,1
60003700018306,1
60003700018308,1
60003700018314,1
60003700018326,1
60003700018332,1
60003700018336,1
60003700018338,1
60003700018344,1
60003700018346,1
60003700018356,1
60003700016924,1
60003700016925,1
60003700029705,1
60003700029710,1
60003700029715,1
60003700029720,1
60003700019156,1
60003700019158,1
60003700019166,1
60003700019167,1
60003700019170,1
60003700019185,1
60003700019186,1
60003700019189,1
60003700019636,1
60003700019639,1
60003700019651,1
60003700019702,1
60003700019703,1
60003700019721,1
60003700019737,1
60003700019749,1
60003700019750,1
60003700019791,0
60003700019810,1
60003700019812,1
60003700019813,1
60003700019816,1
60003700019819,1
60003700019824,1
60003700019831,1
60003700019933,1
60003700019944,1
60003700019952,1
60003700019953,1
60003700019955,1
60003700016064,1
60003700016073,1
60003700016079,1
60003700016080,1
60003700016093,1
60003700016097,1
60003700016100,1
60003700016101,1
60003700016102,1
60003700016107,1
60003700016109,1
60003700016134,1
60003700016136,1
60003700016143,1
60003700016145,1
60003700016146,1
60003700016155,1
60003700016171,1
60003700019190,1
60003700019193,1
60003700019209,1
60003700019227,1
60003700019245,1
60003700019305,1
60003700019307,1
60003700019313,1
60003700019319,1
60003700019336,1
60003700019349,1
60003700019376,1
60003700019377,1
60003700019379,1
60003700019388,1
60003700019403,1
60003700019413,1
60003700019415,1
60003700019425,1
60003700019442,1
60003700019444,1
60003700019449,1
60003700019474,1
60003700019488,1
60003700019499,1
60003700019516,1
60003700019547,1
60003700019549,1
60003700019574,1
60003700019582,1
60003700019592,1
60003700019601,1
60003700019606,1
60003700019614,1
60003700019620,1
60003700019624,1
60003700019632,1
60003700019155,1
60003700029122,1
60003700029127,1
60003700029139,1
60003700029147,1
60003700029148,1
60003700029154,1
60003700029159,1
60003700029162,1
60003700029163,1
60003700029171,1
60003700029184,1
60003700029188,1
60003700029191,1
60003700029193,1
60003700029208,1
60003700029213,1
60003700029215,1
60003700029218,1
60003700029220,1
60003700029222,1
60003700029227,1
60003700029235,1
60003700029236,1
60003700029249,1
60003700029260,1
60003700029264,1
60003700029266,1
60003700029282,1
60003700029285,1
60003700029286,1
60003700029302,1
60003700029308,1
60003700029309,1
60003700029348,1
60003700029354,1
60003700029358,1
60003700029365,1
60003700029384,1
60003700029393,1
60003700029434,1
60003700029444,1
60003700029450,1
60003700029459,1
60003700029462,1
60003700029464,1
60003700029475,1
60003700029491,1
60003700029492,1
60003700029509,0
60003700029522,1
60003700029526,1
60003700029535,1
60003700029543,1
60003700029545,1
60003700029555,1
60003700029568,1
60003700029569,1
60003700029580,1
60003700029582,1
60003700029601,1
60003700029614,1
60003700029620,1
60003700029665,1
60003700029668,1
60003700029672,1
60003700029675,1
60003700029686,1
60003700029694,1
60003700005282,1
60003700005298,1
60003700005311,1
60003700005378,1
60003700005384,1
60003700005389,1
60003700005390,1
60003700005402,1
60003700005404,1
60003700005405,1
60003700005416,1
60003700005427,1
60003700005442,1
60003700005448,1
60003700005455,1
60003700005458,1
60003700005485,1
60003700005494,1
60003700005509,1
60003700005523,1
60003700005525,1
60003700005535,1
60003700005541,1
60003700005544,1
60003700005550,1
60003700005552,1
60003700005553,1
60003700005556,1
60003700005559,1
60003700005568,1
60003700005575,1
60003700005579,1
60003700005580,1
60003700004198,0
60003700004209,1
60003700004211,1
60003700004218,1
60003700004219,1
60003700004222,1
60003700004224,1
60003700004225,1
60003700004229,1
60003700004232,1
60003700004233,1
60003700004258,1
60003700004298,1
60003700004319,1
60003700004328,1
60003700004333,1
60003700004353,1
60003700004363,1
60003700004377,1
60003700004389,1
60003700004393,1
60003700004407,1
60003700004414,1
60003700004418,1
60003700004419,1
60003700004432,1
60003700004433,1
60003700004436,1
60003700004445,1
60003700004452,1
60003700004456,1
60003700004458,1
60003700004461,1
60003700004464,1
60003700004479,1
60003700004492,1
60003700004504,1
60003700004513,1
60003700004516,1
60003700004520,1
60003700004530,1
60003700004536,1
60003700004542,1
60003700004577,1
60003700004580,1
60003700004584,1
60003700004598,1
60003700004605,1
60003700004613,1
60003700004618,1
60003700004639,1
60003700004648,1
60003700004667,1
60003700004677,1
60003700004680,1
60003700004692,1
60003700004706,1
60003700004711,1
60003700004728,1
60003700004735,1
60003700004740,1
60003700004754,1
60003700004759,1
60003700004761,1
60003700004763,1
60003700004765,1
60003700004780,1
60003700004791,1
60003700004793,1
60003700004800,1
60003700004807,1
60003700004816,1
60003700004817,1
60003700004823,1
60003700004833,1
60003700004836,1
60003700004859,1
60003700004860,1
60003700004866,1
60003700004876,1
60003700004877,1
60003700004901,1
60003700004915,1
60003700004916,1
60003700004917,1
60003700004945,1
60003700004948,1
60003700004955,1
60003700004963,1
60003700004966,1
60003700004968,1
60003700004972,1
60003700004982,1
60003700004988,1
60003700004994,1
60003700004999,1
60003700005000,1
60003700005005,1
60003700005010,1
60003700005012,1
60003700005033,1
60003700005034,1
60003700005037,1
60003700005041,1
60003700005060,1
60003700005065,1
60003700005083,1
60003700005085,1
60003700005102,1
60003700005113,1
60003700005115,1
60003700005125,1
60003700005134,1
60003700005156,1
60003700005162,1
60003700005172,1
60003700005174,1
60003700005191,1
60003700005197,1
60003700005214,0
60003700005237,1
60003700005250,1
60003700021103,1
60003700021105,1
60003700021113,1
60003700021122,0
60003700021130,1
60003700021150,1
60003700021157,1
60003700021163,1
60003700021167,1
60003700021180,1
60003700021182,1
60003700021187,1
60003700021188,1
60003700021193,1
60003700021206,1
60003700021226,1
60003700021235,1
60003700021236,1
60003700021237,1
60003700009612,0
60003700009619,0
60003700009622,1
60003700009629,1
60003700009641,1
60003700009642,1
60003700009649,1
60003700009654,1
60003700009665,1
60003700009666,1
60003700009675,0
60003700009679,1
60003700009681,0
60003700009714,1
60003700009716,1
60003700009723,1
60003700009748,1
60003700009749,1
60003700009759,1
60003700009773,1
60003700009775,1
60003700009783,1
60003700009791,1
60003700009792,1
60003700009797,1
60003700009831,1
60003700009845,1
60003700009862,1
60003700009891,1
60003700009896,1
60003700009933,1
60003700009935,1
60003700009937,1
60003700009938,1
60003700009939,1
60003700009943,1
60003700009951,1
60003700009962,1
60003700009967,1
60003700009968,1
60003700009969,1
60003700009973,1
60003700009985,1
60003700009999,1
60003700010006,1
60003700010016,1
60003700010027,1
60003700010028,1
60003700010044,1
60003700010047,1
60003700010051,1
60003700010052,1
60003700010074,1
60003700010077,1
60003700010085,1
60003700010091,1
60003700010097,1
60003700010098,1
60003700010117,1
60003700010127,1
60003700010128,1
60003700010146,1
60003700010149,1
60003700010157,1
60003700010167,1
60003700010172,1
60003700010190,1
60003700010194,1
60003700010195,1
60003700010197,1
60003700010199,1
60003700010200,1
60003700010212,1
60003700010216,1
60003700010229,1
60003700010230,1
60003700010247,1
60003700010249,1
60003700010250,1
60003700010258,1
60003700010259,1
60003700010278,1
60003700010300,1
60003700010302,1
60003700010310,1
60003700010313,1
60003700010317,1
60003700010323,1
60003700010329,1
60003700010375,1
60003700010390,1
60003700010392,1
60003700010396,1
60003700010405,0
60003700010417,1
60003700010427,1
60003700010433,1
60003700010443,1
60003700010455,1
60003700010484,1
60003700010486,1
60003700010498,1
60003700010499,1
60003700010503,1
60003700010519,1
60003700010525,1
60003700010531,1
60003700010549,1
60003700010553,1
60003700010560,1
60003700010562,1
60003700010571,1
60003700010579,1
60003700010585,1
60003700010597,1
60003700010600,1
60003700010601,1
60003700010606,1
60003700010609,1
60003700010617,1
60003700010618,1
60003700010626,1
60003700010649,1
60003700010653,1
60003700010663,1
60003700010666,1
60003700010670,1
60003700010678,1
60003700010694,1
60003700010696,1
60003700010716,1
60003700010718,1
60003700010726,1
60003700010728,1
60003700010736,1
60003700010739,1
60003700010746,1
60003700008328,1
60003700008370,1
60003700008382,1
60003700008384,1
60003700008392,1
60003700008393,1
60003700008396,1
60003700008397,1
60003700008405,1
60003700008406,1
60003700008410,1
60003700008417,1
60003700008420,1
60003700008461,1
60003700008463,1
60003700008464,1
60003700008470,1
60003700008471,1
60003700008479,1
60003700008481,1
60003700008485,1
60003700008487,1
60003700008502,1
60003700008505,1
60003700008521,1
60003700008522,1
60003700008525,1
60003700008535,1
60003700008540,1
60003700008541,1
60003700008564,1
60003700008571,1
60003700008588,1
60003700008590,1
60003700008591,1
60003700008598,1
60003700008601,1
60003700008602,1
60003700008611,1
60003700008617,1
60003700008625,1
60003700008636,1
60003700008637,1
60003700008641,1
60003700008643,1
60003700008658,1
60003700008674,1
60003700008680,1
60003700008688,1
60003700008697,1
60003700008730,1
60003700008731,1
60003700008734,1
60003700008740,1
60003700008752,1
60003700008756,1
60003700008758,1
60003700008759,1
60003700008761,1
60003700008770,1
60003700008771,1
60003700008775,1
60003700008778,1
60003700008785,1
60003700008799,1
60003700008802,1
60003700008823,1
60003700008824,1
60003700008831,1
60003700008833,1
60003700008837,1
60003700008851,1
60003700008857,1
60003700008862,1
60003700008875,1
60003700008877,1
60003700008885,1
60003700008968,1
60003700008971,1
60003700008974,1
60003700008976,1
60003700008982,1
60003700008991,1
60003700009007,1
60003700009010,1
60003700009025,1
60003700009037,1
60003700009040,1
60003700009054,1
60003700009062,1
60003700009067,1
60003700009073,1
60003700009074,1
60003700009087,1
60003700009092,1
60003700009094,1
60003700009099,1
60003700009104,1
60003700009108,1
60003700009127,1
60003700009128,1
60003700009154,1
60003700009160,1
60003700009171,1
60003700009179,1
60003700009184,1
60003700009187,1
60003700009191,1
60003700009206,1
60003700009209,1
60003700009217,1
60003700009219,1
60003700009224,1
60003700009244,1
60003700009266,1
60003700009276,1
60003700009280,1
60003700009287,1
60003700009302,1
60003700009346,1
60003700009347,1
60003700009351,1
60003700009357,1
60003700009361,1
60003700009363,1
60003700009367,1
60003700009374,1
60003700009375,1
60003700009412,1
60003700009420,1
60003700009432,1
60003700009445,1
60003700009446,1
60003700009448,1
60003700009474,1
60003700009483,1
60003700009490,1
60003700009543,0
60003700009562,0
60003700009582,0
60003700009586,1
60003700009598,1
60003700009603,1
60003700009610,1
60003700009611,1
60003700019969,1
60003700019988,1
60003700019997,1
60003700019999,1
60003700020003,1
60003700020018,1
60003700020025,1
60003700020027,1
60003700020030,1
60003700020032,1
60003700020033,1
60003700020036,1
60003700020053,1
60003700020054,1
60003700020067,1
60003700020078,1
60003700020084,1
60003700020085,1
60003700020089,1
60003700020106,1
60003700020117,1
60003700020121,1
60003700020128,1
60003700020137,1
60003700020142,1
60003700020146,1
60003700020164,1
60003700020174,1
60003700020175,1
60003700020181,1
60003700020191,1
60003700020192,1
60003700020193,1
60003700020203,1
60003700020216,1
60003700020232,1
60003700020237,1
60003700020248,1
60003700020263,1
60003700020264,1
60003700020276,1
60003700020294,0
60003700020304,1
60003700020305,1
60003700020306,1
60003700020309,1
60003700020313,1
60003700020315,1
60003700020328,1
60003700020335,1
60003700020341,1
60003700020342,1
60003700020343,1
60003700020346,1
60003700020377,1
60003700020381,1
60003700020390,1
60003700020393,1
60003700020404,1
60003700020405,1
60003700020410,1
60003700020416,1
60003700020418,1
60003700020425,1
60003700020427,1
60003700020428,1
60003700020465,1
60003700020471,1
60003700020484,1
60003700020485,1
60003700020490,1
60003700020494,1
60003700020496,1
60003700020505,1
60003700020508,1
60003700020526,1
60003700020535,1
60003700020539,1
60003700020544,1
60003700020550,1
60003700020558,1
60003700020562,1
60003700020578,1
60003700020606,1
60003700020611,1
60003700020614,1
60003700020617,1
60003700020618,1
60003700020619,1
60003700020621,1
60003700020627,1
60003700020637,1
60003700020643,1
60003700020644,1
60003700020652,1
60003700020688,1
60003700021244,1
60003700021246,1
60003700020699,1
60003700020702,1
60003700020706,1
60003700020721,1
60003700020724,1
60003700020742,1
60003700020743,1
60003700020744,1
60003700020746,1
60003700020754,1
60003700020757,1
60003700020759,1
60003700020763,1
60003700020772,1
60003700020783,1
60003700020790,1
60003700020795,1
60003700020804,1
60003700020817,1
60003700020836,1
60003700020867,1
60003700020870,1
60003700020873,1
60003700020883,1
60003700020899,0
60003700020918,1
60003700020925,1
60003700020933,1
60003700020934,1
60003700020935,1
60003700020939,1
60003700020941,1
60003700020947,1
60003700020962,1
60003700020964,1
60003700020989,1
60003700020990,1
60003700020993,1
60003700020998,1
60003700021012,1
60003700021034,1
60003700021054,1
60003700021059,1
60003700021064,1
60003700021065,1
60003700005583,1
60003700005584,1
60003700005593,1
60003700005595,1
60003700005597,1
60003700005609,1
60003700005626,1
60003700005632,1
60003700005638,1
60003700005639,1
60003700005645,1
60003700005651,1
60003700005659,1
60003700005660,1
60003700005667,1
60003700005674,1
60003700005705,1
60003700005709,1
60003700005719,1
60003700005722,1
60003700005723,1
60003700005729,1
60003700005738,1
60003700005742,1
60003700005755,1
60003700005812,1
60003700005818,1
60003700005827,1
60003700005847,1
60003700005851,1
60003700005861,1
60003700005881,1
60003700005889,1
60003700005894,1
60003700005903,1
60003700005943,1
60003700005981,1
60003700005986,1
60003700005988,1
60003700005997,1
60003700006011,1
60003700006013,1
60003700006021,1
60003700006047,1
60003700006061,1
60003700006063,1
60003700006080,1
60003700006102,1
60003700006108,1
60003700006111,1
60003700006112,1
60003700006125,1
60003700006163,1
60003700006167,1
60003700006170,1
60003700006171,1
60003700006174,1
60003700006186,1
60003700006190,1
60003700006192,1
60003700006202,1
60003700006203,1
60003700006212,1
60003700006219,1
60003700006222,1
60003700006223,1
60003700006244,1
60003700006253,1
60003700006266,1
60003700006267,1
60003700006279,1
60003700006284,1
60003700006294,1
60003700006305,1
60003700006311,1
60003700006315,1
60003700006321,1
60003700006346,1
60003700006366,1
60003700006374,1
60003700006384,1
60003700006386,1
60003700006393,1
60003700006399,1
60003700006409,1
60003700006411,1
60003700006421,1
60003700006422,1
60003700006424,1
60003700023263,1
60003700023273,1
60003700023281,1
60003700023286,1
60003700023297,1
60003700006428,1
60003700006432,1
60003700006437,1
60003700006438,1
60003700006442,1
60003700006455,0
60003700006457,1
60003700006469,1
60003700006479,1
60003700006485,1
60003700006486,1
60003700006488,1
60003700006496,1
60003700006508,1
60003700023298,1
60003700023299,1
60003700023309,1
60003700023317,1
60003700023334,1
60003700023337,1
60003700023407,1
60003700023408,1
60003700023409,1
60003700023410,1
60003700006511,1
60003700006514,1
60003700006519,1
60003700006528,1
60003700006534,1
60003700006551,1
60003700006556,1
60003700006565,1
60003700021081,1
60003700021085,1
60003700006580,1
60003700006582,1
60003700006585,1
60003700006589,1
60003700006601,1
60003700006619,1
60003700006622,1
60003700006628,1
60003700006632,1
60003700006633,1
60003700006636,1
60003700006647,1
60003700023427,1
60003700023429,1
60003700023436,1
60003700023446,1
60003700023450,1
60003700023461,1
60003700023462,1
60003700023467,1
60003700023470,1
60003700023472,1
60003700023473,1
60003700023474,1
60003700023478,1
60003700023482,1
60003700023505,1
60003700023508,1
60003700023509,1
60003700023516,1
60003700023517,1
60003700023520,1
60003700023523,1
60003700023533,1
60003700023536,1
60003700023549,1
60003700006655,1
60003700023551,1
60003700023553,1
60003700006659,1
60003700006665,1
60003700023554,1
60003700023559,1
60003700023560,1
60003700023561,1
60003700023567,1
60003700023568,1
60003700023578,1
60003700023584,1
60003700023605,1
60003700023606,1
60003700023617,1
60003700023636,1
60003700023650,1
60003700023677,1
60003700023695,1
60003700023698,1
60003700023701,1
60003700023711,1
60003700023718,1
60003700023727,1
60003700023730,1
60003700023747,1
60003700023757,1
60003700023786,1
60003700023788,1
60003700023790,1
60003700023794,1
60003700023801,1
60003700023814,1
60003700023819,1
60003700023844,1
60003700023860,1
60003700023868,1
60003700006669,1
60003700006673,1
60003700006684,1
60003700006709,1
60003700006716,1
60003700006731,1
60003700006734,1
60003700006740,1
60003700006743,1
60003700006747,1
60003700006764,1
60003700006774,1
60003700006784,1
60003700006802,1
60003700006809,1
60003700006812,1
60003700006814,1
60003700006816,1
60003700006817,1
60003700006820,1
60003700006828,1
60003700006832,1
60003700006839,1
60003700006850,1
60003700006851,1
60003700006854,1
60003700006863,1
60003700006865,1
60003700006877,1
60003700006878,1
60003700006882,1
60003700006891,1
60003700006896,1
60003700006922,1
60003700006926,1
60003700006946,1
60003700006955,1
60003700006974,1
60003700023869,1
60003700023875,1
60003700023880,1
60003700006984,1
60003700023884,1
60003700007020,1
60003700023893,1
60003700023902,1
60003700023914,1
60003700023921,1
60003700023927,1
60003700023929,1
60003700023933,1
60003700023934,1
60003700023938,1
60003700007040,1
60003700007041,1
60003700007049,1
60003700007052,1
60003700007054,1
60003700023952,1
60003700023975,1
60003700023976,1
60003700023979,1
60003700023982,1
60003700023991,1
60003700024003,1
60003700024024,1
60003700024041,1
60003700024046,1
60003700024054,1
60003700024064,1
60003700024072,1
60003700024077,1
60003700024093,1
60003700024100,1
60003700024118,1
60003700024131,1
60003700024134,1
60003700024138,1
60003700007059,1
60003700024143,1
60003700024171,1
60003700024174,1
60003700024179,1
60003700024183,1
60003700024186,0
60003700024210,1
60003700024211,1
60003700024225,1
60003700024237,1
60003700024245,1
60003700024247,1
60003700024255,1
60003700024282,1
60003700024286,1
60003700024288,1
60003700024290,1
60003700024305,1
60003700024309,1
60003700024312,1
60003700024319,1
60003700024331,1
60003700024341,1
60003700024342,1
60003700024346,1
60003700007065,1
60003700007066,1
60003700007072,1
60003700007074,1
60003700024351,1
60003700024355,1
60003700024368,0
60003700024393,1
60003700023069,1
60003700023103,1
60003700023116,1
60003700023119,1
60003700023128,1
60003700023132,1
60003700023153,1
60003700023159,1
60003700023164,1
60003700023169,1
60003700023184,1
60003700023192,1
60003700023216,1
60003700023260,1
60003700024396,1
60003700024408,1
60003700024410,1
60003700024432,1
60003700024434,1
60003700007076,1
60003700007096,1
60003700007100,1
60003700007117,1
60003700007120,1
60003700007122,1
60003700007124,1
60003700007132,1
60003700007137,1
60003700007146,1
60003700007147,1
60003700007150,1
60003700007161,1
60003700007175,1
60003700007177,1
60003700007187,1
60003700007192,1
60003700007204,1
60003700007205,1
60003700007206,1
60003700007215,1
60003700007216,1
60003700007222,1
60003700007226,1
60003700007229,1
60003700007239,1
60003700007254,1
60003700007264,1
60003700007279,1
60003700021087,1
60003700021088,1
60003700021094,1
60003700007280,1
60003700007281,1
60003700007282,1
60003700007286,1
60003700007294,1
60003700007300,1
60003700007304,1
60003700007305,1
60003700007308,1
60003700007314,1
60003700007318,1
60003700007324,1
60003700007330,1
60003700007336,1
60003700007371,1
60003700007373,1
60003700007378,1
60003700007398,1
60003700007402,1
60003700007437,1
60003700007442,1
60003700007451,1
60003700007469,1
60003700007473,1
60003700007474,1
60003700007478,1
60003700007484,1
60003700007487,1
60003700007488,1
60003700007491,1
60003700007506,1
60003700007509,1
60003700007513,1
60003700007526,1
60003700007534,1
60003700007548,1
60003700007551,1
60003700007554,1
60003700007576,1
60003700007583,1
60003700007587,1
60003700007591,1
60003700007592,1
60003700007602,1
60003700007605,1
60003700007616,1
60003700007617,1
60003700007620,1
60003700007631,1
60003700007634,1
60003700007655,1
60003700007673,1
60003700007685,1
60003700007704,1
60003700007705,1
60003700007726,1
60003700007732,1
60003700007737,1
60003700007742,1
60003700007746,1
60003700007757,1
60003700007765,1
60003700007776,1
60003700007799,1
60003700007800,1
60003700007802,1
60003700007809,1
60003700007810,1
60003700007811,1
60003700007817,1
60003700007823,1
60003700007852,1
60003700007856,1
60003700007871,1
60003700007874,1
60003700007875,1
60003700007889,1
60003700007897,1
60003700007900,1
60003700007903,1
60003700007906,1
60003700007907,1
60003700021098,1
60003700007921,1
60003700007954,1
60003700007960,1
60003700007982,1
60003700007984,1
60003700007987,1
60003700007994,1
60003700007999,1
60003700008037,1
60003700008040,1
60003700008043,1
60003700008055,1
60003700008067,1
60003700008070,1
60003700008074,1
60003700008080,1
60003700008089,1
60003700008119,1
60003700008128,1
60003700008133,1
60003700008137,1
60003700008138,1
60003700008154,1
60003700008170,1
60003700008179,1
60003700008180,1
60003700008191,1
60003700008197,1
60003700008206,0
60003700008208,1
60003700008211,1
60003700008215,1
60003700008221,1
60003700008230,1
60003700008243,1
60003700008248,1
60003700008253,1
60003700008257,1
60003700008260,1
60003700008269,1
60003700008271,1
60003700008276,0
60003700008296,1
60003700008297,1
60003700008301,1
60003700008303,1
60003700008308,1
60003700008309,1
60003700008312,1
60003700008315,1
60003700008320,1
60003700008324,1
60003700021101,1
60003700021301,1
60003700021302,1
60003700021303,1
60003700021310,1
60003700029727,1
60003700029730,1
60003700029753,1
60003700029758,1
60003700029759,0
60003700029760,1
60003700029761,1
60003700029765,1
60003700029781,1
60003700029787,1
60003700029792,1
60003700029817,1
60003700021328,1
60003700029828,0
60003700029852,1
60003700029853,1
60003700021330,1
60003700021332,1
60003700029866,1
60003700029867,1
60003700029870,1
60003700029873,1
60003700029877,1
60003700029880,1
60003700029892,1
60003700029904,1
60003700029911,1
60003700029916,0
60003700029920,1
60003700029926,1
60003700029928,1
60003700029940,1
60003700029944,1
60003700029963,1
60003700029966,1
60003700029989,1
60003700030002,1
60003700030020,1
60003700030023,1
60003700030025,1
60003700030036,1
60003700030051,1
60003700030056,1
60003700030064,1
60003700030076,1
60003700030083,1
60003700030090,1
60003700021337,1
60003700021345,1
60003700021348,1
60003700021349,1
60003700021361,1
60003700021365,1
60003700021375,1
60003700021391,1
60003700021412,1
60003700021414,1
60003700021439,1
60003700021443,1
60003700021454,1
60003700021455,1
60003700021461,1
60003700021468,1
60003700021477,1
60003700021518,1
60003700021526,1
60003700021532,1
60003700021541,1
60003700021550,1
60003700021564,1
60003700021580,1
60003700021589,1
60003700021593,1
60003700021619,1
60003700021644,1
60003700021654,1
60003700021656,1
60003700021670,1
60003700021671,1
60003700021673,1
60003700021685,1
60003700021687,1
60003700021697,1
60003700021710,1
60003700021718,1
60003700021729,1
60003700021731,1
60003700021735,1
60003700021763,1
60003700021778,1
60003700021791,1
60003700021802,1
60003700021804,1
60003700021814,1
60003700021830,1
60003700021831,1
60003700021833,1
60003700021834,1
60003700021854,1
60003700021858,1
60003700021864,1
60003700021874,1
60003700021879,1
60003700021884,1
60003700021886,1
60003700011297,1
60003700011299,1
60003700021897,1
60003700021905,1
60003700021906,1
60003700021910,1
60003700021913,1
60003700021921,1
60003700021922,1
60003700021926,1
60003700021927,1
60003700011302,1
60003700011307,1
60003700011313,1
60003700011314,1
60003700011332,1
60003700011344,1
60003700011353,1
60003700011362,1
60003700011365,1
60003700011372,1
60003700011376,1
60003700011389,1
60003700011391,1
60003700011393,1
60003700011398,1
60003700011403,1
60003700011404,1
60003700011416,1
60003700011417,1
60003700011424,1
60003700011425,1
60003700011428,1
60003700011436,1
60003700011455,1
60003700011459,1
60003700011468,1
60003700011473,1
60003700011476,1
60003700011478,1
60003700011497,1
60003700011506,1
60003700011518,1
60003700011524,1
60003700011542,1
60003700011551,1
60003700011552,1
60003700011565,1
60003700011566,1
60003700011583,1
60003700011585,1
60003700011586,1
60003700011589,1
60003700011596,1
60003700011610,1
60003700011626,1
60003700011629,1
60003700011633,1
60003700011638,1
60003700011651,1
60003700011668,1
60003700011684,1
60003700011686,1
60003700011699,1
60003700011717,1
60003700011724,1
60003700011726,1
60003700011731,1
60003700011734,1
60003700021931,1
60003700021949,1
60003700021973,1
60003700011739,1
60003700011747,1
60003700021982,1
60003700022022,1
60003700011749,1
60003700011753,1
60003700011755,0
60003700011765,1
60003700011769,1
60003700011783,1
60003700011932,1
60003700011945,1
60003700011950,1
60003700011951,1
60003700011958,1
60003700011960,1
60003700011962,1
60003700011974,1
60003700011982,1
60003700011983,1
60003700011998,1
60003700012003,1
60003700012004,1
60003700012007,1
60003700012010,1
60003700012015,1
60003700012021,1
60003700012041,1
60003700012053,1
60003700012055,1
60003700012088,1
60003700012094,1
60003700012095,1
60003700012102,1
60003700012104,1
60003700012117,1
60003700012118,1
60003700012121,1
60003700012135,1
60003700012141,1
60003700012149,1
60003700012150,1
60003700012153,1
60003700012155,1
60003700012164,1
60003700012170,1
60003700012171,1
60003700012184,1
60003700012207,1
60003700012208,1
60003700012211,1
60003700012213,1
60003700012215,1
60003700012216,1
60003700012219,1
60003700012221,1
60003700012233,1
60003700012235,1
60003700012241,1
60003700012250,1
60003700012251,1
60003700012262,1
60003700012269,1
60003700012271,1
60003700012300,1
60003700012304,1
60003700012306,1
60003700012316,1
60003700012319,1
60003700012326,1
60003700012328,1
60003700012349,1
60003700012355,1
60003700012356,1
60003700012365,1
60003700012377,1
60003700012380,1
60003700012414,1
60003700012421,1
60003700012422,1
60003700012424,1
60003700012427,1
60003700012429,1
60003700012434,1
60003700012442,1
60003700012443,1
60003700012453,1
60003700012454,1
60003700012461,1
60003700012476,1
60003700012506,1
60003700012518,1
60003700012519,1
60003700012521,1
60003700012528,1
60003700012529,1
60003700012532,1
60003700012557,1
60003700012561,1
60003700012569,1
60003700012575,1
60003700012578,1
60003700012582,1
60003700012584,1
60003700012587,1
60003700012589,1
60003700012597,1
60003700012598,1
60003700012602,1
60003700012626,1
60003700012637,1
60003700022024,1
60003700022026,1
60003700012639,1
60003700012642,1
60003700012655,1
60003700012658,1
60003700012664,1
60003700012678,1
60003700012680,1
60003700012681,1
60003700012691,1
60003700012695,1
60003700012697,1
60003700012698,1
60003700012702,1
60003700012706,1
60003700012712,1
60003700012727,1
60003700012746,1
60003700012766,1
60003700012781,1
60003700012787,1
60003700012798,1
60003700022028,1
60003700022038,1
60003700022039,1
60003700022049,1
60003700022064,1
60003700022089,1
60003700022098,1
60003700022106,1
60003700022110,1
60003700022111,1
60003700012807,1
60003700012816,1
60003700012817,1
60003700012823,1
60003700012836,1
60003700012841,1
60003700012842,1
60003700012850,1
60003700012859,1
60003700012861,1
60003700012876,1
60003700012883,1
60003700012889,1
60003700012900,1
60003700012909,1
60003700012915,1
60003700012930,1
60003700012936,1
60003700012937,1
60003700012945,1
60003700012962,1
60003700012970,1
60003700012973,1
60003700012981,1
60003700013003,1
60003700013009,1
60003700013024,1
60003700013028,1
60003700013033,1
60003700013038,1
60003700013044,1
60003700013050,1
60003700013068,1
60003700013075,1
60003700013077,1
60003700013078,1
60003700013086,1
60003700013095,1
60003700013102,1
60003700013109,1
60003700013114,1
60003700013115,1
60003700013117,1
60003700013118,1
60003700013119,1
60003700013122,1
60003700013125,1
60003700013126,1
60003700013138,1
60003700013150,1
60003700013169,1
60003700013174,1
60003700013183,1
60003700013194,1
60003700013196,1
60003700013204,1
60003700013234,1
60003700013235,1
60003700013242,1
60003700013259,1
60003700013278,1
60003700013279,1
60003700013283,1
60003700013285,1
60003700013287,1
60003700013289,1
60003700013291,1
60003700022131,1
60003700022138,0
60003700022153,1
60003700022163,1
60003700022172,1
60003700022179,1
60003700022183,1
60003700022203,1
60003700022207,1
60003700022216,1
60003700022234,1
60003700022238,1
60003700022246,1
60003700022248,1
60003700022249,1
60003700022259,1
60003700022262,1
60003700022266,1
60003700022282,1
60003700022283,1
60003700022289,1
60003700022291,1
60003700022293,1
60003700022294,1
60003700022295,1
60003700022328,1
60003700022336,1
60003700022344,1
60003700030096,1
60003700013293,1
60003700013321,1
60003700013325,1
60003700013336,1
60003700013337,1
60003700013349,1
60003700013374,1
60003700013375,1
60003700013377,1
60003700013380,1
60003700013383,1
60003700013391,1
60003700013392,1
60003700013393,1
60003700013406,1
60003700013415,1
60003700013418,1
60003700013425,1
60003700013437,1
60003700013448,1
60003700013455,1
60003700013459,1
60003700013471,1
60003700013476,1
60003700013481,1
60003700013485,1
60003700013492,1
60003700013504,1
60003700013505,1
60003700013507,1
60003700013517,1
60003700013527,1
60003700013529,1
60003700013530,1
60003700013533,1
60003700013551,1
60003700013559,1
60003700013561,1
60003700013572,1
60003700013577,1
60003700013592,1
60003700013593,1
60003700013594,1
60003700013601,1
60003700013625,1
60003700013628,1
60003700013648,1
60003700013664,1
60003700013665,1
60003700013673,1
60003700013677,1
60003700013681,1
60003700013684,1
60003700013691,1
60003700013699,1
60003700013706,1
60003700013713,1
60003700024436,1
60003700024438,0
60003700024448,1
60003700024468,1
60003700024470,1
60003700024493,1
60003700024496,1
60003700024522,1
60003700024531,1
60003700024534,1
60003700024555,1
60003700021254,1
60003700021266,1
60003700021286,1
60003700010754,1
60003700010777,1
60003700010786,1
60003700010805,1
60003700010819,1
60003700010828,1
60003700010832,1
60003700010844,1
60003700010849,1
60003700010859,1
60003700010878,1
60003700010881,1
60003700010884,1
60003700010886,1
60003700010890,1
60003700010909,1
60003700010917,1
60003700010928,1
60003700010937,1
60003700010938,1
60003700010948,1
60003700010963,1
60003700010981,1
60003700010982,1
60003700010993,1
60003700010997,1
60003700011002,1
60003700011016,1
60003700011024,1
60003700011026,1
60003700011036,1
60003700011050,1
60003700011051,1
60003700011058,1
60003700011059,1
60003700011063,1
60003700011073,1
60003700011075,1
60003700011078,1
60003700011081,1
60003700011085,1
60003700011097,1
60003700011100,1
60003700011103,1
60003700011106,1
60003700011110,1
60003700011112,1
60003700011115,1
60003700011117,1
60003700011118,1
60003700011138,1
60003700011154,1
60003700011158,1
60003700011162,1
60003700011169,1
60003700011175,1
60003700011195,1
60003700011197,1
60003700011221,1
60003700011222,1
60003700011238,1
60003700011244,1
60003700011252,1
60003700011260,1
60003700011263,1
60003700011264,1
60003700016641,1
60003700016648,1
60003700016652,1
60003700016656,1
60003700016665,1
60003700016669,1
60003700016672,1
60003700016675,1
60003700016676,1
60003700016682,1
60003700016691,1
60003700016701,1
60003700016705,1
60003700016706,1
60003700016718,1
60003700012243,1
60003700012246,1
60003700012249,1
60003700012254,1
60003700012255,1
60003700012258,1
60003700012272,1
60003700012275,1
60003700012280,1
60003700012284,1
60003700012305,1
60003700012308,1
60003700012327,1
60003700012335,1
60003700012337,1
60003700012340,1
60003700012348,1
60003700012352,1
60003700012379,1
60003700012393,1
60003700012395,1
60003700012398,1
60003700012399,1
60003700012418,1
60003700012428,1
60003700012445,1
60003700012465,1
60003700012481,1
60003700012491,1
60003700012520,1
60003700012526,1
60003700012534,1
60003700012536,1
60003700012539,1
60003700012540,1
60003700012542,1
60003700012551,1
60003700012558,1
60003700012562,1
60003700012563,1
60003700012564,1
60003700012611,1
60003700012614,1
60003700012636,1
60003700012638,1
60003700012645,1
60003700012666,1
60003700012674,1
60003700012682,1
60003700012690,1
60003700012696,1
60003700012703,1
60003700012705,1
60003700012714,1
60003700012716,1
60003700012723,1
60003700012725,1
60003700012728,1
60003700012730,1
60003700012732,1
60003700012734,1
60003700012740,1
60003700012741,1
60003700012743,1
60003700012754,1
60003700012757,1
60003700012758,1
60003700012760,1
60003700012770,1
60003700012774,1
60003700012775,1
60003700012777,1
60003700012779,1
60003700012794,1
60003700012797,1
60003700012821,1
60003700012828,1
60003700012829,1
60003700012840,1
60003700012857,1
60003700012862,1
60003700012864,1
60003700012867,1
60003700012869,1
60003700012871,1
60003700012878,1
60003700012898,1
60003700012902,1
60003700012912,1
60003700012913,1
60003700012925,1
60003700012941,1
60003700012974,1
60003700012978,1
60003700012987,1
60003700012994,1
60003700013001,1
60003700013002,1
60003700013014,1
60003700013018,1
60003700013022,1
60003700013034,1
60003700013041,1
60003700013046,1
60003700013047,1
60003700013053,1
60003700013055,1
60003700013064,1
60003700013066,1
60003700013076,1
60003700013097,1
60003700013100,1
60003700013108,1
60003700013111,1
60003700013112,1
60003700013124,1
60003700013129,1
60003700013136,1
60003700013144,1
60003700013146,1
60003700013155,1
60003700013180,1
60003700013181,1
60003700013185,1
60003700013202,1
60003700013210,1
60003700013219,1
60003700013228,1
60003700013230,1
60003700013245,1
60003700013249,1
60003700013268,1
60003700013276,1
60003700013281,1
60003700013301,1
60003700013303,1
60003700013304,1
60003700013305,1
60003700013307,1
60003700013313,1
60003700013315,1
60003700013331,1
60003700013343,1
60003700013345,1
60003700013356,1
60003700013359,1
60003700013360,1
60003700016743,1
60003700016750,1
60003700016767,1
60003700016768,1
60003700016776,1
60003700016778,1
60003700016796,1
60003700016802,1
60003700016803,1
60003700016821,1
60003700016824,1
60003700016827,1
60003700016833,1
60003700016840,1
60003700016841,1
60003700016842,1
60003700016848,1
60003700016850,1
60003700016854,1
60003700016864,1
60003700016865,1
60003700016873,1
60003700016894,1
60003700016898,1
60003700016901,1
60003700016904,1
60003700016905,1
60003700016921,1
60003700016922,1
60003700016932,1
60003700016938,1
60003700016940,0
60003700016947,1
60003700016948,1
60003700016956,1
60003700016958,1
60003700016968,1
60003700016970,1
60003700016978,1
60003700016984,1
60003700016997,1
60003700017022,1
60003700017024,1
60003700017026,1
60003700017027,1
60003700017039,1
60003700017047,1
60003700017060,1
60003700017065,1
60003700017071,1
60003700017073,1
60003700017075,1
60003700017082,1
60003700017083,1
60003700017084,1
60003700017085,1
60003700017092,1
60003700017113,1
60003700017120,1
60003700017127,1
60003700017132,1
60003700017134,0
60003700017135,0
60003700017139,1
60003700017161,1
60003700017175,1
60003700017196,0
60003700017201,1
60003700017205,1
60003700017216,1
60003700017225,1
60003700017247,1
60003700017252,1
60003700017263,1
60003700017266,1
60003700017267,1
60003700017275,1
60003700017279,1
60003700017282,1
60003700017304,1
60003700017323,1
60003700017324,1
60003700017325,1
60003700017357,1
60003700017358,1
60003700017361,1
60003700017367,1
60003700017369,1
60003700017372,1
60003700017385,1
60003700017386,1
60003700017393,1
60003700017403,1
60003700017409,1
60003700017412,1
60003700017413,1
60003700017442,1
60003700017443,1
60003700017451,1
60003700017452,1
60003700017457,1
60003700017460,1
60003700017462,1
60003700017467,1
60003700017470,1
60003700017480,1
60003700017481,1
60003700017483,1
60003700017494,1
60003700017503,1
60003700017532,1
60003700017563,1
60003700017569,1
60003700017577,1
60003700017578,1
60003700017583,1
60003700017584,0
60003700017587,1
60003700017596,1
60003700017617,1
60003700017620,1
60003700017628,1
60003700017630,1
60003700017631,1
60003700017634,1
60003700017685,0
60003700017687,0
60003700017691,0
60003700017694,0
60003700017704,1
60003700017709,1
60003700017720,1
60003700017730,1
60003700017736,1
60003700017767,1
60003700017770,1
60003700013715,1
60003700013724,1
60003700013744,1
60003700013745,1
60003700013765,1
60003700013771,1
60003700013774,1
60003700013777,1
60003700013782,1
60003700013786,1
60003700013787,1
60003700013790,1
60003700013806,1
60003700013813,1
60003700013815,1
60003700013821,1
60003700013824,1
60003700013826,1
60003700013830,1
60003700013831,1
60003700013834,1
60003700013836,1
60003700013843,1
60003700013845,1
60003700013869,1
60003700013872,1
60003700013373,1
60003700013404,1
60003700013421,1
60003700013429,1
60003700013433,1
60003700013435,1
60003700013438,1
60003700013873,1
60003700013874,1
60003700013875,1
60003700013441,1
60003700013442,1
60003700013449,1
60003700013473,1
60003700013479,1
60003700013494,1
60003700013506,1
60003700013548,1
60003700013555,1
60003700013556,1
60003700013557,1
60003700013558,1
60003700013569,1
60003700013579,1
60003700013581,1
60003700013597,1
60003700013605,1
60003700013607,1
60003700013611,1
60003700013640,1
60003700013643,1
60003700013646,1
60003700013647,1
60003700013649,1
60003700013650,1
60003700013663,1
60003700013679,1
60003700013694,1
60003700013696,1
60003700013697,1
60003700013709,1
60003700013716,1
60003700013717,1
60003700013729,1
60003700013755,1
60003700013764,1
60003700013773,1
60003700013829,1
60003700013841,1
60003700013851,1
60003700013854,1
60003700013867,1
60003700013878,1
60003700013891,1
60003700013899,1
60003700013902,1
60003700013914,1
60003700013925,1
60003700013930,1
60003700013940,1
60003700013960,1
60003700013967,1
60003700013970,1
60003700013984,1
60003700013985,1
60003700013998,1
60003700014002,1
60003700014008,1
60003700014010,1
60003700014018,1
60003700014046,1
60003700014048,1
60003700014054,1
60003700014056,1
60003700014061,1
60003700014076,1
60003700014093,1
60003700014094,1
60003700014105,1
60003700014110,1
60003700014114,1
60003700014115,1
60003700014123,1
60003700014131,1
60003700014132,1
60003700014133,1
60003700014146,1
60003700014154,1
60003700014156,1
60003700014161,1
60003700014163,1
60003700014169,1
60003700014174,1
60003700014186,1
60003700014190,1
60003700014198,1
60003700014216,1
60003700014218,1
60003700014224,1
60003700014227,1
60003700014233,1
60003700014252,1
60003700014267,1
60003700014277,1
60003700014280,1
60003700014281,1
60003700014291,1
60003700014300,1
60003700014302,1
60003700014304,1
60003700014305,1
60003700014307,1
60003700014310,1
60003700014311,1
60003700014316,1
60003700014318,1
60003700014322,1
60003700014324,1
60003700014341,1
60003700014357,1
60003700014358,1
60003700014364,1
60003700014384,1
60003700014392,1
60003700014393,1
60003700014408,1
60003700014414,1
60003700014430,1
60003700014442,1
60003700014454,1
60003700014459,1
60003700014468,1
60003700014476,1
60003700014487,1
60003700014488,1
60003700014489,1
60003700014517,1
60003700014518,1
60003700014524,1
60003700014525,1
60003700014527,1
60003700014545,1
60003700014549,1
60003700014558,1
60003700014564,1
60003700014572,1
60003700014574,1
60003700014575,1
60003700014580,1
60003700014586,1
60003700014588,1
60003700014590,1
60003700014595,1
60003700014605,1
60003700014613,1
60003700014709,1
60003700014713,1
60003700014725,1
60003700014729,1
60003700014730,1
60003700014750,1
60003700014752,1
60003700014753,0
60003700014758,1
60003700014762,1
60003700014764,1
60003700014766,1
60003700014789,1
60003700014791,1
60003700014805,1
60003700014809,1
60003700014820,1
60003700014831,1
60003700014846,1
60003700014860,1
60003700014875,1
60003700014886,1
60003700014887,1
60003700014897,1
60003700014899,1
60003700014915,1
60003700014917,1
60003700014920,1
60003700014927,1
60003700014929,1
60003700014935,1
60003700014939,1
60003700014955,1
60003700015044,1
60003700015050,1
60003700015051,1
60003700015065,1
60003700015068,1
60003700015075,1
60003700015083,1
60003700015084,1
60003700015090,1
60003700015095,1
60003700015108,1
60003700015121,1
60003700015122,1
60003700015160,1
60003700015175,1
60003700015194,1
60003700015195,1
60003700015200,1
60003700015201,1
60003700015212,1
60003700015213,1
60003700015218,1
60003700015220,1
60003700015222,1
60003700015223,1
60003700015226,1
60003700015230,1
60003700015240,1
60003700015243,1
60003700015253,1
60003700015262,1
60003700015264,1
60003700015270,1
60003700015279,1
60003700015280,1
60003700015296,1
60003700015305,1
60003700015313,1
60003700015337,1
60003700015339,1
60003700015344,1
60003700015354,1
60003700015381,1
60003700015388,1
60003700015389,1
60003700015392,1
60003700015397,1
60003700015399,1
60003700015402,1
60003700015411,1
60003700015440,1
60003700015454,1
60003700015458,1
60003700015495,1
60003700015500,1
60003700015507,1
60003700015514,1
60003700015519,1
60003700015528,1
60003700015532,1
60003700015533,1
60003700015535,1
60003700015547,1
60003700015555,1
60003700015593,1
60003700015602,1
60003700015607,1
60003700015614,1
60003700015624,1
60003700015625,1
60003700015651,1
60003700015655,1
60003700015656,1
60003700015657,1
60003700015672,1
60003700015676,1
60003700015688,1
60003700015704,1
60003700015709,1
60003700015714,1
60003700015721,1
60003700015724,1
60003700015726,1
60003700015733,1
60003700015743,1
60003700015744,1
60003700015748,1
60003700015760,1
60003700015761,1
60003700015775,1
60003700015782,1
60003700015787,1
60003700015788,1
60003700015791,1
60003700015806,1
60003700015807,1
60003700015815,1
60003700015816,1
60003700015822,1
60003700015831,1
60003700015833,1
60003700015847,1
60003700015853,1
60003700015860,1
60003700015870,1
60003700015886,1
60003700015894,1
60003700015895,1
60003700015899,1
60003700015901,1
60003700015942,1
60003700015952,1
60003700015967,1
60003700015979,1
60003700015984,1
60003700015999,1
60003700016003,1
60003700016006,1
60003700016016,1
60003700016018,1
60003700016028,1
60003700016030,1
60003700016042,1
60003700016046,1
60003700016049,1
60003700016051,1
60003700016083,0
60003700016085,1
60003700016104,1
60003700016106,1
60003700016112,1
60003700016129,1
60003700016139,1
60003700016149,1
60003700016164,1
60003700016189,1
60003700016201,1
60003700016207,1
60003700016268,1
60003700016281,1
60003700016299,1
60003700016301,1
60003700016303,1
60003700016307,1
60003700016341,1
60003700016342,1
60003700016349,1
60003700016371,1
60003700016391,1
60003700016394,1
60003700016398,1
60003700016399,1
60003700016406,1
60003700016419,1
60003700016430,1
60003700016432,1
60003700013887,1
60003700013892,1
60003700013903,1
60003700013907,1
60003700013932,1
60003700013933,1
60003700013944,1
60003700013952,1
60003700013961,1
60003700013962,1
60003700013969,1
60003700014024,1
60003700014030,1
60003700014066,1
60003700014067,1
60003700014069,1
60003700014070,1
60003700014081,1
60003700014083,1
60003700014085,1
60003700014088,1
60003700014089,1
60003700014097,1
60003700014112,1
60003700014113,1
60003700014116,1
60003700014117,1
60003700014122,1
60003700014125,1
60003700014129,1
60003700014140,1
60003700014152,1
60003700014164,1
60003700014165,1
60003700014166,1
60003700014179,1
60003700014183,1
60003700014184,1
60003700014188,1
60003700014191,1
60003700014197,1
60003700014205,1
60003700014207,1
60003700014212,1
60003700014214,1
60003700014219,1
60003700014220,1
60003700014221,1
60003700014222,1
60003700014229,1
60003700014230,1
60003700014235,1
60003700014246,1
60003700014251,1
60003700014259,1
60003700014264,1
60003700014265,1
60003700014269,1
60003700014272,1
60003700014278,1
60003700014279,1
60003700014286,1
60003700014301,1
60003700014328,1
60003700014333,1
60003700014346,1
60003700014349,1
60003700014360,1
60003700014362,1
60003700014368,1
60003700014373,1
60003700014379,1
60003700014382,1
60003700014389,1
60003700014396,1
60003700014401,1
60003700014403,1
60003700014405,1
60003700014411,1
60003700014412,1
60003700014418,1
60003700014420,1
60003700014423,1
60003700014425,1
60003700014432,1
60003700014443,1
60003700014444,1
60003700014445,1
60003700014452,1
60003700014475,1
60003700014493,1
60003700014499,1
60003700014513,1
60003700014514,1
60003700014523,1
60003700014535,1
60003700014547,1
60003700014550,1
60003700014556,1
60003700014559,1
60003700014569,1
60003700014571,1
60003700014573,1
60003700014591,1
60003700014602,1
60003700014607,1
60003700014630,1
60003700014631,1
60003700014634,1
60003700014636,1
60003700014638,1
60003700014710,1
60003700014715,1
60003700014724,1
60003700014741,1
60003700014790,1
60003700014795,1
60003700014802,1
60003700014814,1
60003700014816,1
60003700014828,1
60003700014836,1
60003700014837,1
60003700014840,1
60003700014844,1
60003700014845,1
60003700014850,1
60003700014852,1
60003700014853,1
60003700014856,1
60003700014859,1
60003700014865,1
60003700014867,1
60003700014869,1
60003700014877,1
60003700014898,1
60003700014905,1
60003700014906,1
60003700014909,1
60003700014916,1
60003700014962,1
60003700014964,1
60003700014966,1
60003700014967,1
60003700014985,1
60003700014992,1
60003700014995,1
60003700015012,1
60003700015022,1
60003700015023,1
60003700015042,1
60003700015046,1
60003700015047,1
60003700015056,1
60003700015059,1
60003700015061,1
60003700015072,1
60003700015094,1
60003700015106,1
60003700015215,1
60003700015224,1
60003700015239,1
60003700015241,1
60003700015249,1
60003700015255,1
60003700015256,1
60003700015257,1
60003700015267,1
60003700015269,1
60003700015271,1
60003700015275,1
60003700015282,1
60003700015287,1
60003700015291,1
60003700015295,1
60003700015297,1
60003700015308,1
60003700015309,1
60003700015311,1
60003700015320,1
60003700015327,1
60003700015328,1
60003700015329,1
60003700015341,1
60003700015367,1
60003700015379,0
60003700015391,1
60003700015400,1
60003700015401,1
60003700015405,1
60003700015407,1
60003700015414,1
60003700015417,1
60003700015418,1
60003700015424,1
60003700015434,1
60003700015445,1
60003700015447,1
60003700015469,1
60003700015471,1
60003700015476,1
60003700015478,1
60003700015483,1
60003700015484,1
60003700015494,1
60003700015496,1
60003700015497,1
60003700015503,1
60003700015511,1
60003700015518,1
60003700015522,1
60003700015527,1
60003700015529,1
60003700015536,1
60003700015538,1
60003700015542,1
60003700015544,1
60003700015551,1
60003700015552,1
60003700015553,1
60003700015576,1
60003700015585,1
60003700015591,1
60003700015604,1
60003700015615,1
60003700015621,1
60003700015626,1
60003700015628,1
60003700015637,1
60003700015647,1
60003700015662,1
60003700015667,1
60003700015679,1
60003700015681,1
60003700015682,1
60003700015731,1
60003700015759,1
60003700015763,1
60003700015764,1
60003700015786,1
60003700015793,1
60003700015795,1
60003700015803,1
60003700015825,1
60003700015841,1
60003700015848,1
60003700015862,1
60003700015878,1
60003700015884,1
60003700015885,1
60003700015893,1
60003700015897,1
60003700015900,1
60003700015911,1
60003700015915,1
60003700015923,1
60003700015933,1
60003700015948,1
60003700015950,1
60003700015954,1
60003700015971,1
60003700015982,1
60003700015983,1
60003700016000,1
60003700016002,1
60003700016004,1
60003700016019,1
60003700016024,1
60003700016025,1
60003700016026,1
60003700016037,1
60003700016048,1
60003700016060,1
60003700016066,1
60003700016067,1
60003700016076,1
60003700016088,1
60003700016089,1
60003700016095,1
60003700016096,1
60003700016099,1
60003700016111,1
60003700016119,1
60003700016121,1
60003700016167,1
60003700010271,1
60003700010272,1
60003700010280,1
60003700010288,1
60003700010294,1
60003700010320,1
60003700010322,1
60003700010325,1
60003700010338,1
60003700010352,1
60003700010368,1
60003700010376,1
60003700010401,1
60003700010402,1
60003700010407,1
60003700010408,1
60003700010411,1
60003700010415,1
60003700010424,1
60003700010442,1
60003700010448,1
60003700010461,1
60003700010463,1
60003700010468,1
60003700010473,1
60003700010476,1
60003700010478,1
60003700010481,1
60003700010487,1
60003700010489,1
60003700010513,1
60003700010526,1
60003700010552,1
60003700010558,1
60003700010570,1
60003700010587,1
60003700010588,1
60003700010589,1
60003700010620,1
60003700010628,1
60003700010637,1
60003700010650,1
60003700010679,1
60003700010685,1
60003700010690,1
60003700010699,1
60003700010702,1
60003700010712,1
60003700010729,1
60003700010734,1
60003700010737,1
60003700010742,1
60003700010744,1
60003700010756,1
60003700010758,1
60003700010759,1
60003700010772,1
60003700010790,1
60003700010798,1
60003700010816,1
60003700010824,1
60003700010826,1
60003700010835,1
60003700010842,1
60003700010846,1
60003700010851,1
60003700010858,1
60003700010862,1
60003700010882,1
60003700010885,1
60003700010888,1
60003700010899,1
60003700010904,1
60003700010932,1
60003700010933,1
60003700010942,1
60003700010945,1
60003700010956,1
60003700010957,1
60003700010960,1
60003700010964,1
60003700010966,1
60003700010995,1
60003700011005,1
60003700011012,1
60003700011018,1
60003700011027,0
60003700016169,1
60003700011028,1
60003700011029,1
60003700011034,1
60003700011040,1
60003700011043,1
60003700011044,1
60003700011045,1
60003700011046,1
60003700011054,1
60003700011060,1
60003700011066,1
60003700016203,1
60003700011068,1
60003700011077,1
60003700011079,1
60003700011086,1
60003700011092,1
60003700011098,1
60003700011105,1
60003700011107,1
60003700011124,1
60003700011126,1
60003700011137,1
60003700011144,1
60003700011168,1
60003700011210,1
60003700011218,1
60003700011232,1
60003700011247,1
60003700011254,1
60003700011262,1
60003700011274,1
60003700011277,1
60003700011280,1
60003700011294,1
60003700011308,1
60003700011316,1
60003700011318,1
60003700011324,1
60003700011325,1
60003700011369,1
60003700011399,1
60003700011402,1
60003700011407,1
60003700011419,1
60003700011421,1
60003700011426,1
60003700011430,1
60003700011432,1
60003700011435,1
60003700011448,1
60003700011451,1
60003700011454,1
60003700011471,1
60003700011472,1
60003700011495,1
60003700011496,1
60003700011501,1
60003700011502,1
60003700011519,1
60003700011521,1
60003700011531,1
60003700011537,1
60003700011545,1
60003700011547,1
60003700011574,1
60003700011587,1
60003700011599,1
60003700011601,1
60003700011604,1
60003700011609,1
60003700011622,1
60003700011623,1
60003700011641,1
60003700011663,1
60003700011670,1
60003700011672,1
60003700011678,1
60003700011685,1
60003700011689,1
60003700011690,1
60003700011702,1
60003700011703,1
60003700011714,1
60003700011716,1
60003700011722,1
60003700011728,1
60003700011729,1
60003700011758,1
60003700011762,1
60003700011766,1
60003700011768,1
60003700011772,1
60003700011773,1
60003700011802,1
60003700011811,1
60003700011813,1
60003700011819,1
60003700011828,1
60003700011830,1
60003700011857,1
60003700011865,1
60003700011866,1
60003700011872,1
60003700011901,1
60003700011904,1
60003700011905,1
60003700011908,1
60003700011910,1
60003700011928,1
60003700011934,1
60003700011936,1
60003700011940,1
60003700011961,1
60003700011963,1
60003700011977,1
60003700011981,1
60003700011990,1
60003700012011,1
60003700012033,1
60003700012034,1
60003700012035,1
60003700012057,1
60003700012061,1
60003700012064,1
60003700012073,1
60003700012084,1
60003700012090,1
60003700012138,1
60003700012143,1
60003700012156,1
60003700012163,1
60003700012172,1
60003700016205,1
60003700016308,1
60003700016310,1
60003700016314,1
60003700016318,0
60003700016320,0
60003700016330,1
60003700016333,1
60003700012175,1
60003700012182,1
60003700012185,1
60003700012188,1
60003700012190,1
60003700012196,1
60003700012217,1
60003700012227,1
60003700012231,1
60003700016363,1
60003700016368,1
60003700016386,1
60003700016397,1
60003700016400,1
60003700016407,1
60003700016416,1
60003700016418,1
60003700016429,1
60003700016431,1
60003700016438,1
60003700016441,1
60003700016444,1
60003700016458,1
60003700016476,1
60003700016523,1
60003700016528,1
60003700016530,1
60003700016534,1
60003700016538,1
60003700016561,1
60003700016563,1
60003700016581,1
60003700016586,1
60003700016598,1
60003700016607,1
60003700016609,1
60003700016611,1
60003700016612,1
60003700016637,1
60003700003770,1
60003700003771,1
60003700003774,1
60003700003775,1
60003700003796,1
60003700003798,1
60003700019390,1
60003700019395,1
60003700016851,1
60003700016877,1
60003700016880,1
60003700016887,1
60003700004213,1
60003700003800,1
60003700003808,1
60003700016888,1
60003700022822,1
60003700018403,1
60003700022517,1
60003700022832,1
60003700022838,1
60003700022840,1
60003700021194,1
60003700022804,1
60003700022827,1
60003700022839,1
60003700022859,1
60003700022861,1
60003700022862,1
60003700022865,1
60003700016897,1
60003700022842,1
60003700022855,1
60003700003817,1
60003700017784,1
60003700012590,1
60003700003822,1
60003700003827,1
60003700022856,1
60003700022868,1
60003700022900,1
60003700000001,1
60003700000014,1
60003700019880,1
60003700000296,1
60003700000297,1
60003700003834,1
60003700003835,1
60003700000302,1
60003700015134,1
60003700015143,1
60003700019887,1
60003700019899,1
60003700015145,1
60003700015164,1
60003700015178,1
60003700019901,1
60003700019917,1
60003700024441,1
60003700015642,1
60003700016907,1
60003700003836,1
60003700015181,1
60003700004216,1
60003700004221,1
60003700004226,1
60003700004248,1
60003700007027,1
60003700007114,1
60003700007118,1
60003700014666,1
60003700014669,1
60003700003837,1
60003700003838,1
60003700003849,0
60003700003852,1
60003700004744,1
60003700004748,1
60003700004751,1
60003700025312,1
60003700003064,1
60003700004756,1
60003700006978,1
60003700006988,1
60003700018423,1
60003700000039,1
60003700018434,1
60003700018436,1
60003700000671,1
60003700000692,1
60003700000693,1
60003700022857,1
60003700000697,1
60003700023086,1
60003700023098,1
60003700023100,1
60003700000305,1
60003700000309,1
60003700000699,1
60003700000733,1
60003700000734,1
60003700003879,1
60003700003886,1
60003700006993,1
60003700006994,1
60003700005678,1
60003700005681,0
60003700005698,1
60003700005701,1
60003700006996,1
60003700005702,1
60003700000740,1
60003700006998,1
60003700012332,1
60003700000747,1
60003700000750,1
60003700000760,1
60003700023108,1
60003700013396,1
60003700014661,1
60003700024459,1
60003700013398,1
60003700013400,1
60003700013401,1
60003700013405,1
60003700013409,1
60003700013414,1
60003700013436,1
60003700013440,1
60003700017133,1
60003700017136,1
60003700017142,1
60003700016344,0
60003700023114,1
60003700029625,1
60003700029627,0
60003700003066,1
60003700003071,1
60003700019399,1
60003700019402,1
60003700026276,1
60003700023123,1
60003700002055,1
60003700002057,1
60003700017850,1
60003700017852,1
60003700029272,1
60003700016596,1
60003700021912,1
60003700019407,1
60003700019467,1
60003700022754,1
60003700022769,1
60003700022771,1
60003700022772,1
60003700022791,1
60003700022792,1
60003700028490,1
60003700003078,1
60003700008962,1
60003700028499,1
60003700030222,1
60003700005366,1
60003700015660,1
60003700019469,1
60003700015661,1
60003700015675,1
60003700019476,1
60003700019479,1
60003700019486,1
60003700018437,1
60003700020815,1
60003700020819,1
60003700015680,1
60003700015697,1
60003700021601,1
60003700019667,1
60003700015161,1
60003700015054,1
60003700026283,1
60003700015063,1
60003700015079,1
60003700015081,1
60003700015082,1
60003700015091,1
60003700015096,1
60003700015103,1
60003700015112,1
60003700026285,1
60003700016200,1
60003700015168,1
60003700017195,1
60003700019669,1
60003700017197,1
60003700017207,1
60003700020898,0
60003700023376,1
60003700023382,1
60003700018124,1
60003700022167,1
60003700018445,1
60003700023387,1
60003700024273,1
60003700025301,1
60003700025849,1
60003700025850,1
60003700026287,1
60003700026297,1
60003700029835,1
60003700030223,1
60003700021606,1
60003700018447,1
60003700029836,1
60003700029865,1
60003700029902,1
60003700030351,1
60003700000006,1
60003700000019,1
60003700003846,1
60003700003853,1
60003700003859,1
60003700003877,1
60003700003893,1
60003700000032,1
60003700000034,1
60003700004085,1
60003700004086,1
60003700004090,1
60003700004100,1
60003700004102,1
60003700004113,1
60003700004122,1
60003700004124,1
60003700004125,1
60003700004126,1
60003700003915,1
60003700000045,1
60003700000047,1
60003700000054,1
60003700025851,1
60003700027968,1
60003700027969,1
60003700027975,1
60003700000055,1
60003700000056,1
60003700028331,1
60003700018490,1
60003700018499,1
60003700000057,1
60003700000065,1
60003700000067,1
60003700003921,1
60003700018502,1
60003700018504,1
60003700004110,1
60003700004117,1
60003700004120,1
60003700004147,1
60003700028501,1
60003700028502,1
60003700028505,1
60003700028511,1
60003700028514,1
60003700000992,1
60003700000995,1
60003700000996,0
60003700001092,1
60003700028515,1
60003700028528,1
60003700001013,1
60003700001022,1
60003700001097,1
60003700001098,1
60003700008972,1
60003700008989,1
60003700009051,1
60003700009059,1
60003700007130,1
60003700008287,1
60003700008294,1
60003700008295,1
60003700008307,1
60003700020501,1
60003700020770,1
60003700020786,1
60003700020787,1
60003700024336,1
60003700001039,1
60003700001061,1
60003700001063,1
60003700001077,1
60003700001084,1
60003700009713,1
60003700019089,1
60003700024338,1
60003700019776,1
60003700019777,1
60003700016212,1
60003700022484,1
60003700022492,0
60003700022499,1
60003700005798,1
60003700018456,1
60003700018459,1
60003700019783,1
60003700019794,1
60003700019802,1
60003700005804,1
60003700005806,1
60003700005808,1
60003700005809,1
60003700019804,1
60003700019807,1
60003700019818,1
60003700019821,1
60003700019828,1
60003700008891,1
60003700008910,1
60003700008922,1
60003700008929,1
60003700008936,1
60003700008945,1
60003700008950,1
60003700009730,1
60003700015506,1
60003700022503,1
60003700016357,1
60003700019904,1
60003700019912,1
60003700019921,1
60003700022504,1
60003700001512,1
60003700001518,1
60003700001523,1
60003700001537,1
60003700001551,1
60003700001564,1
60003700001577,1
60003700001578,1
60003700001587,1
60003700023420,1
60003700023438,1
60003700023447,1
60003700001594,1
60003700023449,1
60003700001599,1
60003700001602,1
60003700001608,1
60003700001614,1
60003700023457,1
60003700006999,1
60003700007000,1
60003700007003,1
60003700007004,1
60003700007007,1
60003700007021,1
60003700007022,1
60003700007026,1
60003700007028,1
60003700025318,1
60003700029297,1
60003700025330,1
60003700022793,1
60003700020690,1
60003700022798,1
60003700022805,1
60003700029298,1
60003700012336,1
60003700012391,1
60003700029630,1
60003700021607,1
60003700021608,1
60003700023130,1
60003700020886,1
60003700021610,1
60003700021626,1
60003700021629,1
60003700021631,1
60003700021641,1
60003700020892,1
60003700020897,1
60003700021063,1
60003700007035,1
60003700007157,1
60003700003895,1
60003700003907,1
60003700003917,1
60003700005765,1
60003700005773,1
60003700021657,1
60003700021068,0
60003700021071,1
60003700021073,1
60003700002018,1
60003700002020,1
60003700003705,1
60003700003714,1
60003700003720,1
60003700003723,1
60003700003727,1
60003700003728,1
60003700003740,1
60003700003079,1
60003700003080,1
60003700003089,1
60003700003090,1
60003700003091,1
60003700003116,1
60003700003124,1
60003700008952,1
60003700003856,1
60003700003862,1
60003700003874,1
60003700003878,1
60003700003880,1
60003700003887,1
60003700003920,1
60003700008956,1
60003700003924,1
60003700003938,1
60003700003944,1
60003700005116,1
60003700005122,1
60003700005124,1
60003700009505,1
60003700009508,1
60003700009524,1
60003700009541,1
60003700011856,1
60003700011868,1
60003700011897,1
60003700011903,1
60003700011906,1
60003700005126,1
60003700005133,1
60003700005141,1
60003700005155,1
60003700009674,1
60003700009690,1
60003700009693,1
60003700009738,0
60003700014624,1
60003700014628,1
60003700014632,1
60003700014639,1
60003700014640,1
60003700014642,1
60003700014644,1
60003700014650,1
60003700014658,1
60003700014662,1
60003700014692,1
60003700014694,1
60003700014704,1
60003700014970,1
60003700014991,1
60003700015004,1
60003700015006,1
60003700015010,1
60003700015025,1
60003700015027,1
60003700003139,1
60003700016243,0
60003700016249,1
60003700003140,1
60003700016251,1
60003700016257,1
60003700022574,1
60003700023106,1
60003700023107,1
60003700024473,1
60003700025801,1
60003700028345,1
60003700003156,1
60003700003158,1
60003700001236,1
60003700001241,1
60003700001243,1
60003700001265,1
60003700001791,1
60003700001808,1
60003700001827,1
60003700003165,1
60003700003184,1
60003700003189,1
60003700003198,1
60003700001843,1
60003700001844,1
60003700007158,1
60003700007162,1
60003700007164,1
60003700007179,1
60003700023109,1
60003700012613,1
60003700024552,1
60003700014655,1
60003700015438,1
60003700015444,1
60003700015452,1
60003700015460,1
60003700015464,1
60003700010261,1
60003700010263,1
60003700015466,1
60003700015482,1
60003700010266,0
60003700015485,1
60003700007182,1
60003700007188,1
60003700015489,1
60003700007201,1
60003700007536,1
60003700007538,1
60003700007539,1
60003700007557,1
60003700007560,1
60003700007574,1
60003700015516,1
60003700015517,1
60003700015523,1
60003700017765,1
60003700017772,1
60003700017786,1
60003700024573,1
60003700024575,1
60003700024587,1
60003700024592,1
60003700024598,1
60003700024606,1
60003700024609,1
60003700024613,1
60003700024643,1
60003700024646,1
60003700018027,1
60003700018032,1
60003700015912,0
60003700015922,1
60003700015926,1
60003700018000,1
60003700018001,1
60003700018033,1
60003700025803,1
60003700015033,1
60003700018003,1
60003700019699,1
60003700019714,1
60003700019720,1
60003700014922,1
60003700014934,1
60003700014940,1
60003700014945,1
60003700025333,1
60003700016610,1
60003700016620,1
60003700016624,1
60003700016636,1
60003700016647,1
60003700020095,1
60003700020098,1
60003700016650,1
60003700020710,1
60003700020711,1
60003700020713,1
60003700025356,1
60003700020736,1
60003700027543,1
60003700023252,1
60003700023257,1
60003700027552,1
60003700027560,1
60003700027561,1
60003700008375,1
60003700016258,1
60003700008379,1
60003700008386,1
60003700016322,1
60003700008389,1
60003700008402,1
60003700008404,1
60003700009134,1
60003700017292,1
60003700017293,1
60003700019229,1
60003700019380,1
60003700015170,1
60003700009137,1
60003700009178,1
60003700009180,1
60003700009183,1
60003700009192,1
60003700009208,1
60003700009210,1
60003700009212,1
60003700007578,1
60003700010134,1
60003700010139,1
60003700010151,1
60003700009226,1
60003700011853,1
60003700020789,1
60003700020794,1
60003700020808,1
60003700011874,1
60003700008181,1
60003700008183,1
60003700008188,1
60003700008189,1
60003700008363,1
60003700008332,1
60003700008338,1
60003700008347,1
60003700008351,1
60003700008354,1
60003700009119,1
60003700013280,1
60003700013284,1
60003700013286,1
60003700028508,1
60003700029879,1
60003700029884,1
60003700029888,1
60003700021204,1
60003700021207,1
60003700021517,1
60003700010677,1
60003700010693,1
60003700010717,1
60003700010723,1
60003700010724,1
60003700012127,1
60003700012130,1
60003700029890,1
60003700029908,1
60003700012134,1
60003700012161,1
60003700012176,1
60003700012179,1
60003700012187,1
60003700013718,1
60003700005788,1
60003700005789,1
60003700020844,1
60003700021325,1
60003700020719,1
60003700020729,1
60003700020732,1
60003700011899,1
60003700022365,1
60003700022549,1
60003700022550,1
60003700022555,1
60003700022563,1
60003700022567,1
60003700021333,1
60003700021676,1
60003700021678,1
60003700021701,1
60003700021705,1
60003700021711,1
60003700021726,1
60003700021730,1
60003700021737,1
60003700022571,1
60003700022590,1
60003700021744,1
60003700021747,1
60003700021751,1
60003700021753,1
60003700021754,1
60003700021760,1
60003700021761,1
60003700021808,1
60003700022508,1
60003700022473,1
60003700025808,1
60003700025814,1
60003700022515,1
60003700027462,1
60003700027540,1
60003700027883,1
60003700012402,1
60003700012405,1
60003700012471,1
60003700014808,1
60003700027953,1
60003700015903,1
60003700014665,1
60003700014668,1
60003700014673,1
60003700014677,1
60003700014683,1
60003700016211,1
60003700014688,1
60003700014689,1
60003700014690,1
60003700014699,1
60003700014706,1
60003700017987,1
60003700019688,1
60003700015037,1
60003700020092,1
60003700020094,1
60003700020839,1
60003700020841,1
60003700028530,1
60003700021287,0
60003700021290,1
60003700021672,1
60003700022467,1
60003700022801,1
60003700029696,1
60003700024752,1
60003700028621,1
60003700029697,1
60003700028895,1
60003700016359,1
60003700030357,1
60003700017670,1
60003700017677,1
60003700017683,0
60003700017684,0
60003700000664,1
60003700000668,1
60003700018515,1
60003700002834,1
60003700018527,1
60003700009489,1
60003700018531,1
60003700013381,1
60003700013382,1
60003700013387,1
60003700013395,1
60003700016973,1
60003700014651,1
60003700014671,1
60003700016974,1
60003700016976,1
60003700017516,1
60003700015032,1
60003700017519,1
60003700017534,1
60003700017540,1
60003700017761,1
60003700016193,1
60003700016196,1
60003700016198,1
60003700017496,1
60003700017499,1
60003700017500,1
60003700017501,1
60003700018382,1
60003700018385,1
60003700016928,1
60003700016963,1
60003700018715,1
60003700017491,1
60003700017504,1
60003700018717,1
60003700018720,1
60003700018729,1
60003700018733,1
60003700018754,1
60003700018763,1
60003700018387,1
60003700018660,1
60003700018686,1
60003700018713,1
60003700019662,1
60003700019650,0
60003700019654,1
60003700015039,1
60003700015040,1
60003700019902,1
60003700028338,1
60003700028341,1
60003700028361,1
60003700015430,1
60003700020626,1
60003700030349,1
60003700015436,1
60003700015446,1
60003700000022,1
60003700000038,1
60003700001365,1
60003700001380,1
60003700015453,1
60003700015459,1
60003700015474,1
60003700015479,1
60003700015481,1
60003700020882,1
60003700001260,1
60003700001262,1
60003700001276,1
60003700001287,1
60003700001296,1
60003700001303,1
60003700021324,1
60003700001308,0
60003700015498,1
60003700001310,1
60003700001312,1
60003700001314,1
60003700001334,1
60003700001349,1
60003700023344,1
60003700023350,1
60003700023353,1
60003700023370,1
60003700001360,1
60003700001361,1
60003700001364,1
60003700024268,1
60003700025281,1
60003700001382,1
60003700025841,1
60003700025845,1
60003700001395,1
60003700001401,1
60003700001402,1
60003700001411,1
60003700001412,1
60003700001423,1
60003700001451,1
60003700027963,1
60003700001462,1
60003700001465,1
60003700001468,1
60003700001474,1
60003700001478,1
60003700001489,1
60003700001493,1
60003700001497,1
60003700001499,1
60003700001504,1
60003700001510,1
60003700028308,1
60003700028327,1
60003700028615,1
60003700030343,1
60003700030345,1
60003700030353,1
60003700001259,1
60003700018532,1
60003700018536,1
60003700015501,1
60003700001788,1
60003700018546,1
60003700002009,1
60003700018582,1
60003700018587,1
60003700003753,1
60003700002472,1
60003700003757,1
60003700003763,1
60003700003696,1
60003700005106,1
60003700009671,0
60003700015502,1
60003700009735,0
60003700015510,1
60003700015534,1
60003700015537,1
60003700015539,1
60003700015540,1
60003700015545,1
60003700015558,1
60003700014619,1
60003700028510,1
60003700028512,1
60003700028523,1
60003700014969,1
60003700018607,1
60003700018608,1
60003700019069,1
60003700016230,1
60003700016231,1
60003700019068,1
60003700016311,1
60003700028353,1
60003700028360,1
60003700028362,1
60003700017249,1
60003700017276,1
60003700017287,1
60003700022737,1
60003700017640,1
60003700022753,1
60003700022759,1
60003700022774,1
60003700018273,1
60003700022777,1
60003700019002,1
60003700022796,1
60003700019219,1
60003700019228,1
60003700019234,1
60003700022807,1
60003700019386,1
60003700019378,1
60003700019466,1
60003700020813,1
60003700020944,0
60003700020952,1
60003700022814,1
60003700021309,1
60003700022161,1
60003700022162,1
60003700022705,1
60003700022716,1
60003700022694,1
60003700022703,1
60003700023946,1
60003700023943,1
60003700024649,1
60003700024664,1
60003700024648,1
60003700030356,1
60003700000002,1
60003700028595,1
60003700000021,1
60003700000025,1
60003700029854,1
60003700000028,1
60003700030348,1
60003700000983,1
60003700029234,1
60003700000972,1
60003700000982,1
60003700001839,1
60003700005266,1
60003700001964,1
60003700005628,1
60003700005633,1
60003700005648,1
60003700003812,1
60003700003814,1
60003700005662,1
60003700005675,1
60003700005258,1
60003700029237,1
60003700029251,1
60003700029253,1
60003700029274,1
60003700029275,1
60003700005592,1
60003700005612,1
60003700005617,1
60003700008000,1
60003700029276,1
60003700029294,1
60003700008169,1
60003700008330,1
60003700029552,1
60003700009116,1
60003700029554,1
60003700015182,1
60003700010657,1
60003700010669,1
60003700010674,1
60003700015193,1
60003700015196,1
60003700015199,1
60003700012123,1
60003700015206,1
60003700012313,1
60003700015953,1
60003700015351,1
60003700013714,1
60003700016857,1
60003700015285,1
60003700015298,1
60003700015301,1
60003700015941,1
60003700015947,1
60003700016817,1
60003700016826,1
60003700016876,1
60003700016328,1
60003700016831,1
60003700016799,1
60003700016801,1
60003700016804,1
60003700017001,1
60003700016999,1
60003700017123,1
60003700017118,1
60003700015360,1
60003700015365,1
60003700017234,1
60003700015690,1
60003700017734,1
60003700017826,1
60003700017830,1
60003700017845,1
60003700018085,1
60003700018088,1
60003700018414,1
60003700018489,1
60003700018488,1
60003700019086,1
60003700018553,1
60003700018562,1
60003700018568,1
60003700018573,1
60003700018610,1
60003700018612,1
60003700019087,1
60003700019046,1
60003700019062,1
60003700019763,1
60003700019770,1
60003700019895,1
60003700019897,1
60003700019855,1
60003700019856,1
60003700019877,1
60003700019879,1
60003700020875,1
60003700020658,1
60003700020869,1
60003700021040,1
60003700021908,1
60003700021171,1
60003700021909,1
60003700021900,1
60003700022519,1
60003700022726,1
60003700022806,1
60003700022808,1
60003700022727,1
60003700022742,1
60003700022751,1
60003700023071,1
60003700023081,1
60003700023085,1
60003700024550,1
60003700024540,1
60003700015693,1
60003700015700,1
60003700015711,1
60003700015716,1
60003700015720,1
60003700025361,1
60003700016239,1
60003700025791,1
60003700028487,1
60003700028484,1
60003700016245,1
60003700016260,1
60003700016283,1
60003700029367,0
60003700029562,1
60003700029699,1
60003700000269,1
60003700029684,1
60003700030171,1
60003700030178,1
60003700000275,1
60003700000253,1
60003700000282,1
60003700005796,1
60003700003855,1
60003700003873,1
60003700003876,1
60003700005764,1
60003700008886,1
60003700014921,1
60003700009493,1
60003700009497,1
60003700011912,1
60003700009511,0
60003700009514,1
60003700009523,1
60003700011818,1
60003700011822,1
60003700011845,1
60003700011849,1
60003700012059,1
60003700012080,1
60003700014652,1
60003700014649,1
60003700014918,1
60003700015120,1
60003700015116,1
60003700015210,1
60003700015342,1
60003700015348,1
60003700015683,1
60003700015685,1
60003700016291,0
60003700016213,1
60003700016223,1
60003700016295,1
60003700016343,1
60003700016334,1
60003700017641,1
60003700017645,1
60003700017659,1
60003700018657,1
60003700017740,1
60003700018392,1
60003700018399,1
60003700018358,1
60003700018361,1
60003700018376,1
60003700018402,1
60003700019687,1
60003700019698,1
60003700018656,1
60003700029339,1
60003700019686,1
60003700019907,1
60003700019913,1
60003700020776,1
60003700024079,1
60003700021529,1
60003700021533,1
60003700021542,1
60003700021732,1
60003700029586,1
60003700021667,1
60003700021675,1
60003700021689,1
60003700021698,1
60003700023361,1
60003700023094,1
60003700023095,1
60003700023105,1
60003700023371,1
60003700023379,1
60003700023359,1
60003700024463,1
60003700024075,1
60003700024078,1
60003700029594,1
60003700024457,1
60003700024474,1
60003700025773,1
60003700025774,1
60003700025778,1
60003700027301,1
60003700028374,1
60003700029609,1
60003700028343,1
60003700029248,1
60003700029269,1
60003700029254,1
60003700029324,1
60003700029624,1
60003700029527,1
60003700029549,1
60003700029561,0
60003700029703,1
60003700029707,1
60003700029677,1
60003700029701,1
60003700029740,1
60003700018543,1
60003700029736,0
60003700029739,1
60003700000007,1
60003700000013,1
60003700029979,1
60003700029983,1
60003700030033,1
60003700000696,1
60003700030318,1
60003700000713,1
60003700030344,1
60003700030350,1
60003700030358,1
60003700001226,1
60003700000634,1
60003700000639,1
60003700000675,1
60003700000680,1
60003700001230,1
60003700001205,1
60003700001789,1
60003700001996,1
60003700002025,1
60003700002050,1
60003700002015,1
60003700003312,1
60003700004197,0
60003700004072,1
60003700004083,1
60003700004207,1
60003700004212,1
60003700004190,0
60003700004195,0
60003700004723,1
60003700004726,1
60003700004738,1
60003700004707,1
60003700004717,1
60003700006965,1
60003700005351,1
60003700005357,1
60003700006976,1
60003700005792,1
60003700005801,1
60003700006963,1
60003700007145,1
60003700007528,1
60003700009020,1
60003700010120,1
60003700011821,1
60003700011824,1
60003700011837,1
60003700012329,1
60003700012312,1
60003700012367,1
60003700012387,1
60003700014987,1
60003700012457,1
60003700014988,1
60003700015014,1
60003700013516,1
60003700015016,1
60003700015028,1
60003700014807,1
60003700014981,1
60003700015412,1
60003700015419,1
60003700015908,1
60003700015572,1
60003700016285,1
60003700015902,1
60003700016272,1
60003700016589,1
60003700016567,1
60003700016590,1
60003700017775,1
60003700017762,1
60003700018547,1
60003700018549,1
60003700020708,1
60003700018123,1
60003700018378,1
60003700020616,1
60003700020629,1
60003700020650,0
60003700020661,0
60003700018519,1
60003700018542,1
60003700020667,0
60003700020675,1
60003700020692,1
60003700020579,1
60003700020599,1
60003700020605,1
60003700020884,1
60003700020890,1
60003700020876,1
60003700020881,1
60003700022526,1
60003700021505,1
60003700021506,1
60003700021509,1
60003700021512,1
60003700021469,1
60003700021494,1
60003700021496,1
60003700021498,1
60003700021525,1
60003700021531,1
60003700021546,1
60003700021565,1
60003700021567,1
60003700021568,1
60003700021577,1
60003700021579,1
60003700021582,1
60003700021586,1
60003700021515,1
60003700021516,1
60003700021594,1
60003700021597,1
60003700022482,1
60003700022535,1
60003700022554,1
60003700022564,1
60003700022565,1
60003700022511,1
60003700023112,1
60003700024333,1
60003700024537,1
60003700022888,1
60003700024365,1
60003700023062,1
60003700023063,1
60003700023064,1
60003700023101,1
60003700024271,1
60003700024292,1
60003700024307,1
60003700024369,1
60003700024372,1
60003700024379,1
60003700023795,1
60003700024302,1
60003700024311,1
60003700024303,1
60003700024553,1
60003700024269,1
60003700024313,1
60003700024296,1
60003700024328,1
60003700024385,1
60003700024390,1
60003700024398,1
60003700024356,1
60003700024526,1
60003700024525,1
60003700024677,1
60003700024680,1
60003700024642,1
60003700024647,1
60003700024672,1
60003700025901,1
60003700025905,1
60003700025912,1
60003700027494,1
60003700027510,1
60003700027988,1
60003700029816,1
60003700029825,1
60003700029826,1
60003700029806,1
60003700029808,1
60003700029849,1
60003700029861,1
60003700029864,1
60003700029896,1
60003700030008,1
60003700029999,0
60003700030007,1
60003700030016,1
60003700030342,1
60003700000968,1
60003700000970,1
60003700000987,1
60003700000998,0
60003700001008,1
60003700001011,1
60003700002307,1
60003700002313,1
60003700002319,1
60003700003498,1
60003700005072,1
60003700003459,1
60003700003480,1
60003700003485,1
60003700005075,1
60003700003747,1
60003700003828,1
60003700003807,1
60003700003826,1
60003700004070,1
60003700004091,1
60003700004095,1
60003700004104,1
60003700004105,1
60003700005076,1
60003700005090,1
60003700005098,1
60003700005069,1
60003700007663,1
60003700007654,1
60003700008951,1
60003700008958,1
60003700008931,1
60003700008944,1
60003700009701,1
60003700009697,1
60003700010245,1
60003700010257,1
60003700012566,1
60003700012588,1
60003700012559,1
60003700012565,1
60003700015505,1
60003700014625,1
60003700014641,1
60003700014647,1
60003700015432,1
60003700015905,1
60003700015877,1
60003700017745,1
60003700017748,1
60003700015946,1
60003700015956,1
60003700017714,1
60003700017722,1
60003700017744,1
60003700017933,1
60003700017945,1
60003700019113,1
60003700018010,1
60003700018019,1
60003700018022,1
60003700018446,1
60003700018453,1
60003700019132,1
60003700019136,1
60003700019111,1
60003700019250,1
60003700019257,1
60003700019268,1
60003700020677,1
60003700019414,1
60003700022011,1
60003700019679,1
60003700023237,1
60003700019462,1
60003700019691,1
60003700019665,1
60003700023245,1
60003700019764,1
60003700019773,1
60003700019789,1
60003700023247,1
60003700023248,1
60003700019837,1
60003700019866,1
60003700019867,1
60003700019850,1
60003700019874,1
60003700019876,1
60003700020662,1
60003700020666,1
60003700020670,1
60003700020937,1
60003700022005,1
60003700022001,1
60003700022115,1
60003700023209,1
60003700023219,1
60003700023234,1
60003700024234,1
60003700024233,1
60003700024426,1
60003700024462,1
60003700025357,1
60003700025366,1
60003700024235,1
60003700024428,1
60003700024430,1
60003700024431,1
60003700024425,1
60003700024433,1
60003700025293,1
60003700025376,1
60003700025276,1
60003700025280,1
60003700025388,1
60003700025390,1
60003700025392,1
60003700025396,1
60003700025410,1
60003700025304,1
60003700025411,1
60003700025300,1
60003700027537,1
60003700027533,1
60003700029742,1
60003700029764,1
60003700010241,1
60003700015183,1
60003700029134,1
60003700015187,1
60003700015191,1
60003700015207,1
60003700029735,0
60003700030253,1
60003700030243,0
60003700030327,1
60003700030331,1
60003700030341,1
60003700000027,1
60003700000029,1
60003700030251,0
60003700030347,1
60003700000041,1
60003700000042,1
60003700000008,1
60003700000010,1
60003700000011,1
60003700000015,1
60003700000020,1
60003700000023,1
60003700000026,1
60003700000051,1
60003700000060,1
60003700000075,1
60003700000080,1
60003700000081,1
60003700000082,1
60003700000108,1
60003700000110,1
60003700030305,1
60003700030317,1
60003700030346,1
60003700000112,1
60003700000114,1
60003700015263,1
60003700030355,1
60003700030359,1
60003700001199,1
60003700001233,1
60003700001234,1
60003700001235,1
60003700001240,1
60003700001242,1
60003700001668,1
60003700001662,1
60003700002646,1
60003700002657,1
60003700002692,1
60003700002367,1
60003700002694,1
60003700002418,1
60003700002421,1
60003700002619,1
60003700002634,1
60003700003053,1
60003700003049,1
60003700003051,1
60003700003413,1
60003700003414,1
60003700004200,1
60003700004210,1
60003700004188,0
60003700004189,1
60003700004967,1
60003700004975,1
60003700005035,1
60003700005030,1
60003700005031,1
60003700006986,1
60003700006987,1
60003700006990,1
60003700006991,1
60003700007001,1
60003700007011,1
60003700007012,1
60003700007025,1
60003700006979,1
60003700007080,1
60003700007085,1
60003700007090,1
60003700007107,1
60003700007111,1
60003700007050,1
60003700007057,1
60003700007060,1
60003700007075,1
60003700007129,1
60003700008318,1
60003700007832,1
60003700008258,1
60003700008353,1
60003700008355,1
60003700008362,1
60003700008365,1
60003700008323,1
60003700008325,1
60003700008343,1
60003700008344,1
60003700009081,1
60003700009102,1
60003700009111,1
60003700009121,1
60003700009124,1
60003700009129,1
60003700009093,1
60003700009098,1
60003700010246,1
60003700010252,1
60003700010273,1
60003700010277,1
60003700010281,1
60003700010283,1
60003700010289,1
60003700010205,1
60003700010215,1
60003700010225,1
60003700010232,1
60003700010236,1
60003700010238,1
60003700013207,1
60003700013209,1
60003700013238,1
60003700013247,1
60003700013255,1
60003700013258,1
60003700013261,1
60003700013265,1
60003700013269,1
60003700013205,1
60003700014610,1
60003700014653,1
60003700014657,1
60003700014615,1
60003700014623,1
60003700014633,1
60003700014637,1
60003700014663,1
60003700015268,1
60003700015307,1
60003700015321,1
60003700015322,1
60003700015331,1
60003700015335,1
60003700015336,1
60003700015350,1
60003700015357,1
60003700014971,1
60003700014979,1
60003700014997,1
60003700015369,1
60003700015370,1
60003700015372,1
60003700015374,1
60003700015375,1
60003700015376,1
60003700015384,1
60003700015390,1
60003700015113,1
60003700015130,1
60003700015131,1
60003700015135,1
60003700015139,1
60003700015152,1
60003700015421,1
60003700015208,1
60003700015216,1
60003700015234,1
60003700015250,1
60003700015425,1
60003700015426,1
60003700015437,1
60003700015455,1
60003700015462,1
60003700015467,1
60003700015470,1
60003700015472,1
60003700015475,1
60003700015488,1
60003700015420,1
60003700015586,1
60003700015611,1
60003700015613,1
60003700015618,1
60003700015728,1
60003700015580,1
60003700015638,1
60003700015639,1
60003700015641,1
60003700015631,1
60003700015632,1
60003700015938,1
60003700015943,1
60003700015907,1
60003700015917,1
60003700015918,1
60003700015931,1
60003700017094,1
60003700017095,1
60003700017096,1
60003700017100,1
60003700017101,1
60003700017229,1
60003700017886,1
60003700017898,0
60003700017906,1
60003700017908,1
60003700017068,1
60003700017125,1
60003700017130,1
60003700017137,1
60003700017147,1
60003700017153,1
60003700017186,1
60003700017104,1
60003700017111,1
60003700017121,1
60003700017248,1
60003700017258,1
60003700017260,1
60003700017261,1
60003700017922,1
60003700017240,1
60003700018492,1
60003700017817,1
60003700017814,1
60003700017877,1
60003700017867,1
60003700018962,1
60003700018976,1
60003700018455,1
60003700018457,1
60003700018463,1
60003700018465,1
60003700018989,1
60003700018999,1
60003700020340,1
60003700018950,1
60003700018959,1
60003700020353,1
60003700019013,1
60003700019119,1
60003700019105,1
60003700019409,1
60003700019418,1
60003700019420,1
60003700019778,1
60003700019781,1
60003700019799,1
60003700020398,1
60003700019752,1
60003700019753,1
60003700020406,1
60003700019815,1
60003700019765,1
60003700019766,1
60003700019768,0
60003700019771,1
60003700019838,1
60003700019844,1
60003700019845,1
60003700019840,1
60003700019842,1
60003700019843,1
60003700019908,1
60003700019919,1
60003700020417,1
60003700020420,1
60003700020426,1
60003700019859,1
60003700019865,1
60003700019873,1
60003700019885,1
60003700019889,1
60003700020273,1
60003700020286,1
60003700020292,1
60003700020303,1
60003700020308,1
60003700020325,1
60003700020453,1
60003700020455,1
60003700020258,1
60003700020266,1
60003700020464,1
60003700020468,1
60003700020474,1
60003700020479,1
60003700020481,1
60003700020487,1
60003700020492,1
60003700020443,1
60003700020445,1
60003700020450,1
60003700020818,1
60003700020821,1
60003700020842,1
60003700021038,1
60003700020751,1
60003700020756,1
60003700020758,0
60003700021026,1
60003700021033,1
60003700021037,1
60003700021061,1
60003700021001,1
60003700021092,1
60003700021090,1
60003700021183,1
60003700021176,1
60003700021523,1
60003700021530,1
60003700021534,1
60003700021537,1
60003700021545,1
60003700021549,1
60003700021556,1
60003700021560,1
60003700021562,1
60003700021566,1
60003700021572,1
60003700021480,1
60003700021574,1
60003700021583,1
60003700021481,1
60003700021486,1
60003700021488,1
60003700022208,1
60003700022235,1
60003700022053,1
60003700022258,1
60003700022054,1
60003700022272,1
60003700022192,1
60003700022202,1
60003700022361,1
60003700022335,0
60003700022339,1
60003700024316,1
60003700024322,1
60003700024323,1
60003700024324,1
60003700022522,1
60003700024345,1
60003700024347,1
60003700022523,1
60003700022525,1
60003700022533,1
60003700024395,1
60003700024400,1
60003700024406,1
60003700024416,1
60003700024419,1
60003700024420,1
60003700023641,1
60003700024332,1
60003700024334,1
60003700024289,1
60003700024304,1
60003700024306,1
60003700024353,1
60003700024373,1
60003700024381,1
60003700024675,1
60003700024655,1
60003700025252,0
60003700025243,0
60003700025417,1
60003700025420,1
60003700025429,1
60003700025941,1
60003700025383,1
60003700025887,1
60003700025415,1
60003700025888,1
60003700025892,1
60003700025907,1
60003700025916,1
60003700025929,1
60003700025979,1
60003700025980,1
60003700025997,1
60003700025998,1
60003700026001,1
60003700025857,1
60003700025868,1
60003700025879,1
60003700026249,1
60003700026269,1
60003700027444,1
60003700027536,1
60003700027538,1
60003700027823,1
60003700027831,1
60003700027881,1
60003700027948,1
60003700027970,1
60003700027960,1
60003700027964,1
60003700028157,1
60003700028158,1
60003700028142,1
60003700028155,1
60003700028473,1
60003700028498,1
60003700029295,1
60003700029206,1
60003700029219,1
60003700029226,1
60003700029550,1
60003700029551,1
60003700029621,1
60003700029731,1
60003700029732,1
60003700029875,1
60003700029841,1
60003700030218,1
60003700030165,1
60003700030198,1
60003700030282,1
60003700030352,1
